PRN, Elevation,Is Carrier Lock, residuals, C/No Max, C/No Min, MaxCno2Second, ExtremeMaxSnrValue, ExtremeMinSnrValue, Delta Carrier Freq, Delta Carrier phase, Clock Bias, Clock Drift, Delta Ionospheric Delay, deltaCorrected PR, 2nd delta,PS Residual, Los Value
1,77.0,0,-494038.29300192744,40,39,39,40,19,-0.3790000000008149,18092.29109513387,-9.345537244670276E-6,9.115497E-13,0.0,93.67443230748177,0.4996586740016937,16.136250987648964,NLOS,
3,46.0,0,-433224.1804258935,31,30,31,36,20,-0.43100000000049477,17890.452351816,1.9359578951028803E-4,2.1957989E-11,0.0,293.70717737451196,-2.285278767347336,42.3028526045382,NLOS,
4,66.0,0,-493224.8096848726,46,45,46,48,44,-0.29100000000107684,18521.598812505603,-6.773099420939892E-6,1.1113381E-13,0.0,335.9387230426073,0.30450286343693733,-26.149607840925455,LOS,
9,8.0,0,-514815.5931709409,44,43,44,45,43,-0.3650000000016007,17601.2169152461,-7.839871051496266E-5,-1.1731217E-11,0.0,584.4431921727955,0.589710209518671,91.81587259843946,LOS,
73,32.0,0,-853742.5781634971,35,34,35,35,24,-0.23900000000139698,18536.668296143413,0.0,0.0,0.0,350.9580014050007,1.553703460842371,362522.14299446717,NLOS,
74,49.0,0,-480349.83013923466,35,34,38,46,34,0.3870000000024447,18426.439139004797,3.6716350955448234E-5,1.8189894E-12,0.0,240.7293893545866,5.854682046920061,136.68007192760706,LOS,
75,31.0,0,-634185.6335859261,26,25,26,26,21,-1.0579999999972642,17617.251223873347,0.0,0.0,0.0,568.4590708650649,4.4678898230195045,142965.19841689616,LOS,
81,26.0,0,-446070.762620233,19,18,19,19,16,-0.6929999999993015,18945.36984582618,0.0,0.0,0.0,759.6595510877669,-22.37054505571723,-45149.67254879698,NLOS,
23,38.0,0,-517309.01383943856,43,42,42,47,41,-0.32300000000032014,17771.386945005506,-8.684655184402389E-5,5.2702547E-13,0.0,414.0489175878465,0.5183146335184574,52.637424264103174,LOS,
1,77.0,0,-512231.1080815233,40,39,40,40,19,0.5759999999972933,18100.029493890703,-9.34553633312232E-6,9.115497E-13,0.0,93.57095500454307,0.10347730293869972,15.746497672051191,NLOS,
3,46.0,0,-451416.8900634162,30,29,31,36,20,0.5080000000016298,17898.022062104195,1.9359581146823692E-4,2.1957989E-11,0.0,295.2097233980894,-1.5025460235774517,41.813966765999794,NLOS,
4,66.0,0,-511418.4830145091,46,45,46,48,44,0.4400000000023283,18529.481329530478,-6.773099309806284E-6,1.1113381E-13,0.0,336.33962204679847,0.4008990041911602,-25.68135107308626,LOS,
9,8.0,0,-533008.1536912955,44,43,44,45,43,0.2930000000014843,17608.660630654544,-7.83987222461578E-5,-1.1731217E-11,0.0,584.4794238582253,-0.03623168542981148,91.1677698418498,LOS,
73,32.0,0,-871957.3743547983,35,34,35,35,24,0.4530000000013388,18544.219553403556,0.0,0.0,0.0,351.01444721594453,0.056445810943841934,362543.73407958075,NLOS,
74,49.0,0,-498546.5644093156,35,34,35,46,34,-0.21299999999973807,18430.818292200565,3.671635277443427E-5,1.8189894E-12,0.0,237.61373133212328,-3.1156580224633217,140.20978114008904,LOS,
75,31.0,0,-652384.93122904,26,25,26,26,21,-1.1959999999999127,17632.153709828854,0.0,0.0,0.0,561.0513963587582,7.407674506306648,142971.29095382243,LOS,
81,26.0,0,-464244.3109777644,19,19,19,19,16,0.49799999999959255,18943.24091926217,0.0,0.0,0.0,750.035813074559,-9.623738013207912,-45169.329297453165,NLOS,
23,38.0,0,-535502.0439851619,43,42,43,47,41,0.43400000000110595,17778.930654123425,-8.684655131699939E-5,5.2702547E-13,0.0,414.0174871571362,0.031430430710315704,52.46262179687619,LOS,
1,77.0,0,-530413.0352732912,40,39,40,40,19,-0.4349999999976717,18089.51957798004,-9.345535422102282E-6,9.115497E-13,0.0,93.6914523281157,-0.12049732357263565,14.961592398583889,NLOS,
3,46.0,0,-469598.4246038012,30,29,31,36,20,-0.33000000000174623,17887.556103851646,1.9359583341346893E-4,2.1957989E-11,0.0,295.6287379451096,-0.4190145470201969,40.64271600916982,NLOS,
4,66.0,0,-529601.3688500747,46,45,46,48,44,-0.45500000000174623,18518.716545909643,-6.77309919873704E-6,1.1113381E-13,0.0,336.0629288330674,-0.2766932137310505,-25.507852368056774,LOS,
9,8.0,0,-551191.6656957231,44,43,44,45,43,-0.4000000000014552,17598.36986540258,-7.839873397055884E-5,-1.1731217E-11,0.0,584.3068110458553,0.17261281237006187,91.9638892263174,LOS,
73,32.0,0,-890162.9273892976,35,34,35,35,24,-1.25,18536.39285673946,0.0,0.0,0.0,353.6804865822196,2.666039366275072,362566.5747439228,NLOS,
74,49.0,0,-516728.2633447498,34,34,35,46,34,0.2519999999967695,18415.040250234306,3.671635459236685E-5,1.8189894E-12,0.0,232.32842507958412,-5.285306252539158,139.19689141958952,LOS,
75,31.0,0,-670566.3609130047,26,25,26,26,21,1.4399999999986903,17615.436401233077,0.0,0.0,0.0,567.2759689241648,-6.224572565406561,142970.0082676299,LOS,
81,26.0,0,-482467.3801186979,19,19,19,19,16,-0.24799999999959255,18991.281368698925,0.0,0.0,0.0,808.568998541683,58.533185467123985,-45128.97252667695,NLOS,
23,38.0,0,-553685.4932792336,43,42,43,47,41,-0.5490000000027067,17768.56227139756,-8.684655079028011E-5,5.2702547E-13,0.0,413.93401496112347,0.08347219601273537,53.19970361888409,LOS,
1,77.0,0,-548615.9266981184,40,39,40,40,19,0.19900000000052387,18110.64688801393,-9.345534510026519E-6,9.115497E-13,0.0,93.54775581136346,0.14369651675224304,14.15544844046235,NLOS,
3,46.0,0,-487802.79267054796,30,29,30,36,20,0.1069999999999709,17908.346769295633,1.9359585538413198E-4,2.1957989E-11,0.0,294.3607415705919,1.2679963745176792,41.31952717527747,NLOS,
4,66.0,0,-547804.7748434395,46,45,46,48,44,0.21299999999973807,18540.325854111463,-6.773099087539084E-6,1.1113381E-13,0.0,336.64681328088045,0.5838844478130341,-25.79966788366437,LOS,
9,8.0,0,-569395.0619160682,44,43,44,45,43,0.10499999999956344,17618.84276695177,-7.839874570854662E-5,-1.1731217E-11,0.0,584.8454008102417,-0.5385897643864155,91.6587483920157,LOS,
73,32.0,0,-908387.3932510763,35,34,35,35,24,1.1959999999999127,18554.676750633866,0.0,0.0,0.0,350.9789084158838,-2.701578166335821,362587.3427634835,NLOS,
74,49.0,0,-534932.7548776343,34,33,35,46,33,0.38100000000122236,18438.898311294615,3.6716356412406125E-5,1.8189894E-12,0.0,235.2010147087276,2.8725896291434765,139.99112771824002,LOS,
75,31.0,0,-688764.7826030403,26,25,26,26,21,-0.3790000000008149,17632.118809390813,0.0,0.0,0.0,571.5790328271687,-4.303063903003931,142964.73211544752,LOS,
76,28.0,0,950681.477696497,25,0,0,25,0,0.0,0.0,0.0,0.0,0.0,2.047317240527498E7,2.047317240527498E7,-1496481.5281840898,NLOS,
81,26.0,0,-500672.19772771,20,19,19,20,16,-0.49499999999898137,18975.296969249845,0.0,0.0,0.0,771.5991270318627,-36.96987150982022,-45127.85275988281,NLOS,
23,38.0,0,-571888.9978121407,43,42,43,47,41,0.22300000000177533,17789.25797517225,-8.684655026295047E-5,5.2702547E-13,0.0,414.31149131804705,-0.37747635692358017,53.0065523982048,LOS,
1,77.0,0,-566808.7076096795,40,39,40,40,19,0.21299999999973807,18100.227494239807,-9.34553359847862E-6,9.115497E-13,0.0,93.43409025296569,0.11366555839776993,13.731527086347342,NLOS,
3,46.0,0,-505997.9108037688,30,29,30,36,20,0.125,17897.965327296406,1.935958773420795E-4,2.1957989E-11,0.0,292.4748457930982,1.8858957774937153,43.239137034863234,NLOS,
4,66.0,0,-565998.8306833208,46,45,46,48,44,0.17699999999967986,18529.655203331262,-6.773098976405484E-6,1.1113381E-13,0.0,336.4640671350062,-0.18274614587426186,-24.948900874704123,LOS,
9,8.0,0,-587588.6336571351,44,43,44,45,43,0.11500000000160071,17608.626284874976,-7.839875743974102E-5,-1.1731217E-11,0.0,584.5765777304769,0.268823079764843,92.02186634764075,LOS,
73,32.0,0,-926600.8649757653,35,34,35,35,24,-0.9730000000017753,18543.94131303206,0.0,0.0,0.0,350.73620684444904,-0.24270157143473625,362607.6093819849,NLOS,
74,49.0,0,-553131.9758251943,34,33,34,46,33,-0.10599999999976717,18433.138229142874,3.6716358231392045E-5,1.8189894E-12,0.0,239.93366827443242,4.7326535657048225,146.0075144097209,LOS,
75,31.0,0,-706952.4333428331,25,24,26,26,21,0.7070000000021537,17620.531864810735,0.0,0.0,0.0,572.6732413768768,-1.094208549708128,142959.17774905264,LOS,
76,28.0,0,-566474.3700745441,25,0,0,25,0,0.0,0.0,0.0,0.0,0.0,2.1972201182606094E7,2.1972201182606094E7,2481.114480763674,NLOS,
81,26.0,0,-518835.7723839544,20,19,20,20,16,-0.9550000000017462,18932.072779908776,0.0,0.0,0.0,738.8676737211645,-32.73145331069827,-45157.48320982605,NLOS,
23,38.0,0,-590082.7482500188,44,43,43,47,41,0.06999999999970896,17778.979309491813,-8.684654973592599E-5,5.2702547E-13,0.0,414.0892448797822,0.2222464382648468,53.552042085677385,LOS,
1,77.0,0,-585000.9566368796,40,39,40,40,19,-0.03299999999944703,18100.359181370586,-9.345532686930662E-6,9.115497E-13,0.0,93.39853416383266,0.035556089133024216,12.475928917527199,NLOS,
3,46.0,0,-524193.6016120091,30,29,30,36,20,0.06599999999889405,17897.997786764055,1.9359589930002834E-4,2.1957989E-11,0.0,291.6285441368818,0.846301656216383,45.431629456579685,NLOS,
4,66.0,0,-584192.1700619124,46,45,46,48,44,-0.06199999999807915,18529.76783278212,-6.773098865271877E-6,1.1113381E-13,0.0,336.27058615908027,-0.1934809759259224,-25.11438761278987,LOS,
9,8.0,0,-605781.4106738344,44,43,44,45,43,-0.0970000000015716,17608.68934024498,-7.839876917093614E-5,-1.1731217E-11,0.0,584.8324545621872,-0.2558768317103386,91.2904674783349,LOS,
73,32.0,0,-944816.4654998779,35,34,35,35,24,-0.14199999999982538,18545.83755712211,0.0,0.0,0.0,352.33265847340226,1.5964516289532185,362629.7050074488,NLOS,
74,49.0,0,-571325.4446826577,34,33,34,46,33,-0.2989999999990687,18428.486433573067,3.671636005037808E-5,1.8189894E-12,0.0,234.98208024725318,-4.951588027179241,145.97201854735613,LOS,
75,31.0,0,-725148.1864653863,25,24,26,26,21,-2.191000000002532,17628.87306889519,0.0,0.0,0.0,564.6318297535181,8.041411623358727,142961.42597295716,LOS,
76,28.0,0,-584674.5090720393,25,24,25,25,0,0.6290000000008149,18266.12012031302,0.0,0.0,0.0,72.6152216643095,-1498956.1621094495,2487.748579610139,NLOS,
81,26.0,0,-537074.0690277517,19,19,20,20,16,-0.33399999999892316,19007.66712315753,0.0,0.0,0.0,814.162224508822,75.2945507876575,-45112.69146467745,NLOS,
23,38.0,0,-608275.5448059365,44,43,44,47,41,-0.06999999999970896,17779.058519601822,-8.68465492089015E-5,5.2702547E-13,0.0,414.2951472364366,-0.2059023566544056,52.84385735541582,LOS,
1,77.0,0,-603175.8787315339,40,39,40,40,19,0.5720000000001164,18082.17808556184,-9.345531776312801E-6,9.115497E-13,0.0,93.61252324283123,-0.21398907899856567,11.880945403128862,NLOS,
3,46.0,0,-542372.2027172334,30,29,30,36,20,0.16300000000046566,17879.881726436317,1.9359592123557252E-4,2.1957989E-11,0.0,291.96128268912435,-0.33273855224251747,48.521959625184536,NLOS,
4,66.0,0,-602367.3179447614,46,45,46,48,44,0.6009999999987485,18511.123555369675,-6.773098754251665E-6,1.1113381E-13,0.0,335.60865320265293,-0.6619329564273357,-25.483822647482157,LOS,
9,8.0,0,-623956.5805636868,44,43,44,45,43,0.5720000000001164,17590.90166857466,-7.839878089016138E-5,-1.1731217E-11,0.0,584.6647224910557,0.16773207113146782,90.939492829144,LOS,
73,32.0,0,-963012.8520509228,34,27,35,35,24,0.8630000000011933,18526.337465964258,0.0,0.0,0.0,350.82011479884386,-1.512543674558401,362650.57420732826,NLOS,
74,49.0,0,-589497.4954994544,34,33,34,46,33,0.6209999999991851,18405.60949666053,3.671636186750812E-5,1.8189894E-12,0.0,230.09269025549293,-4.889389991760254,142.50602893903852,LOS,
75,31.0,0,-743325.1543386877,25,24,25,26,21,1.1010000000023865,17611.702054630965,0.0,0.0,0.0,563.8152965344489,0.8165332190692425,142962.8764950931,LOS,
76,28.0,0,-602851.5219414756,25,24,25,25,0,0.407999999999447,18243.469737678766,0.0,0.0,0.0,67.9523865133524,-4.6628351509571075,2489.244097881019,NLOS,
81,26.0,0,-555237.4984645136,19,18,20,20,16,0.7109999999993306,18931.985528819263,0.0,0.0,0.0,756.4681776538491,-57.69404685497284,-45124.77937908098,NLOS,
23,38.0,0,-626451.1034390032,44,43,44,47,41,0.5900000000001455,17761.134324736893,-8.684654868241476E-5,5.2702547E-13,0.0,414.2228752821684,0.07227195426821709,52.88529708981514,LOS,
1,77.0,0,-621368.793903593,40,39,40,40,19,-0.30900000000110595,18100.72826595232,-9.34553086476078E-6,9.115497E-13,0.0,93.5678380690515,0.04468517377972603,10.991699632257223,NLOS,
3,46.0,0,-560567.3446839303,30,29,30,36,20,-0.3989999999976135,17898.17853014171,1.9359594319361926E-4,2.1957989E-11,0.0,292.9861006960273,-1.0248180069029331,49.865818075835705,NLOS,
4,66.0,0,-620561.5043783598,46,45,46,48,44,-0.3569999999999709,18530.11739440635,-6.773098643117564E-6,1.1113381E-13,0.0,336.29694171994925,0.6882885172963142,-25.102046836167574,LOS,
9,8.0,0,-642150.2611034736,44,43,44,45,43,-0.41200000000026193,17608.89449737221,-7.839879262140879E-5,-1.1731217E-11,0.0,584.9716873802245,-0.3069648891687393,90.81182457134128,LOS,
73,32.0,0,-981226.4673565179,27,26,35,35,24,-0.6529999999984284,18543.68697615713,0.0,0.0,0.0,349.8822850547731,-0.9378297440707684,362670.384821821,NLOS,
74,49.0,0,-607688.3824455403,34,33,34,46,33,-0.4510000000009313,18425.274011757225,3.671636368650226E-5,1.8189894E-12,0.0,231.46986597403884,1.3771757185459137,139.58882924169302,LOS,
75,31.0,0,-761513.7648399621,25,24,25,26,21,0.8519999999989523,17621.369475267828,0.0,0.0,0.0,572.4352158345282,-8.619919300079346,142957.68230526522,LOS,
76,28.0,0,-621023.467450656,25,24,25,25,0,-0.6189999999987776,18238.129971057177,0.0,0.0,0.0,44.32527995482087,-23.627106558531523,2467.38491595909,NLOS,
81,25.0,0,-573446.380321797,19,18,19,20,16,-0.06199999999807915,18977.67019886151,0.0,0.0,0.0,783.8655077591538,27.397330105304718,-45109.70221289992,NLOS,
23,38.0,0,-644645.0374703892,44,43,44,47,41,-0.24200000000200816,17779.333482589573,-8.68465481553879E-5,5.2702547E-13,0.0,414.3268521502614,-0.10397686809301376,53.01479537039995,LOS,
1,77.0,0,-639580.3713888489,40,39,40,40,19,0.29499999999825377,18119.076703641564,-9.345529952286908E-6,9.115497E-13,0.0,94.50906304270029,-0.9412249736487865,9.578050024807453,NLOS,
3,46.0,0,-578857.6461673491,30,20,30,36,20,-0.5780000000013388,17915.972882024944,1.9359596517387221E-4,2.1957989E-11,0.0,216.83916020020843,76.14694049581885,127.18248259276152,NLOS,
4,66.0,0,-638775.2605502307,46,45,46,48,44,0.3610000000007858,18548.90920992568,-6.773098531871071E-6,1.1113381E-13,0.0,335.8895899094641,-0.4073518104851246,-24.337250027805567,LOS,
9,8.0,0,-660363.0483292043,44,43,44,45,43,0.21900000000096043,17626.6862151213,-7.839880436452002E-5,-1.1731217E-11,0.0,586.3796980716288,-1.4080106914043427,90.60412139073014,LOS,
73,32.0,0,-999457.6969291791,25,24,34,35,24,-0.2890000000006694,18562.50454128906,0.0,0.0,0.0,349.5131328701973,-0.3691521845757961,362688.62298606336,NLOS,
74,49.0,0,-625899.9147116356,34,33,34,46,33,0.7950000000018917,18445.803136769682,3.671636550733596E-5,1.8189894E-12,0.0,232.81227422505617,1.342408251017332,138.13023279234767,LOS,
75,31.0,0,-779732.339640025,24,24,25,26,21,1.2360000000007858,17650.022732786834,0.0,0.0,0.0,562.9686756320298,9.466540202498436,142963.26569690928,LOS,
76,28.0,0,-639202.6395603493,24,23,25,25,0,-1.6270000000004075,18246.244322303683,0.0,0.0,0.0,33.252913884818554,-11.072366070002317,2433.565617233515,NLOS,
81,25.0,0,-591648.6683353893,20,19,19,20,16,0.2209999999977299,18970.166605234146,0.0,0.0,0.0,757.1751968152821,-26.690310943871737,-45120.405607726425,NLOS,
23,38.0,0,-662858.0829915255,44,43,44,47,41,0.16200000000026193,17797.31565748155,-8.684654762782808E-5,5.2702547E-13,0.0,415.57562018185854,-1.2487680315971375,53.06906625255942,LOS,
1,77.0,0,-657762.3968617357,40,39,40,40,19,0.12700000000040745,18090.91695392877,-9.34552904124978E-6,9.115497E-13,0.0,92.08570855483413,2.4233544878661633,9.191218335181475,NLOS,
3,46.0,0,-597026.4860383496,20,19,30,36,19,-0.12299999999959255,17887.210524175316,1.9359598711951592E-4,2.1957989E-11,0.0,308.3249539807439,-91.48579378053546,113.61635503172874,NLOS,
4,66.0,0,-656957.4521873482,46,45,46,48,44,0.1349999999983993,18520.052663818,-6.7730984207997424E-6,1.1113381E-13,0.0,337.60722889378667,1.717638984322548,-24.558157313615084,LOS,
9,8.0,0,-678546.287506789,44,43,44,45,43,0.08699999999953434,17599.197090450674,-7.839881608914105E-5,-1.1731217E-11,0.0,583.2912872508168,3.088410820811987,91.42720632255077,LOS,
73,32.0,0,-1017887.6163386405,23,22,27,35,22,1.5750000000007276,18760.38119764626,0.0,0.0,0.0,577.9686199463904,228.4554870761931,362936.1298178248,NLOS,
74,49.0,0,-644081.6997090615,34,33,34,46,33,-0.16200000000026193,18416.73880406469,3.671636732530264E-5,1.8189894E-12,0.0,234.32677137851715,1.5144971534609795,137.50319753214717,LOS,
75,31.0,0,-797916.6871595643,24,23,25,26,21,-0.021000000000640284,17620.23521111533,0.0,0.0,0.0,562.1773665845394,0.7913090474903584,142965.2006387487,LOS,
76,28.0,0,-657424.0477607995,24,10,25,25,0,-1.0760000000009313,18288.770502936095,0.0,0.0,0.0,106.35792523622513,73.10501135140657,2472.5612399838865,NLOS,
81,25.0,0,-609832.6770583764,20,19,20,20,16,2.2220000000015716,18954.129855133593,0.0,0.0,0.0,771.7172774337232,14.542080618441105,-45118.80946243927,NLOS,
23,38.0,0,-681041.1828279458,44,43,44,47,41,0.08400000000256114,17769.59371347353,-8.684654710109892E-5,5.2702547E-13,0.0,412.755340795964,2.820279385894537,53.756482880562544,LOS,
1,77.0,0,-675947.2202891447,40,39,40,40,19,-0.09000000000014552,18092.971583992243,-9.345528130104832E-6,9.115497E-13,0.0,92.15229600667953,-0.06658745184540749,9.503793992102146,NLOS,
3,46.0,0,-615183.2973474637,21,21,30,36,19,0.5040000000008149,17889.958437282592,1.9359600906775686E-4,2.1957989E-11,0.0,323.0884546600282,-14.763500679284334,85.92311915755272,NLOS,
4,66.0,0,-675142.4099078439,46,45,46,48,44,-0.18599999999787542,18522.117219112813,-6.77309830971527E-6,1.1113381E-13,0.0,337.5806698612869,-0.02655903249979019,-24.111528422683477,LOS,
9,8.0,0,-696730.643760588,44,43,44,45,43,-0.20499999999810825,17601.102643683553,-7.839882781514963E-5,-1.1731217E-11,0.0,583.4731322787702,-0.1818450279533863,91.26881984621286,LOS,
73,32.0,0,-1036067.4877343364,23,22,25,35,22,-1.022000000000844,18509.023312877864,0.0,0.0,0.0,324.51218797266483,-253.45643197372556,362931.49008861557,NLOS,
74,49.0,0,-662262.9453738593,35,34,34,46,33,0.7229999999981374,18416.20606238395,3.6716369143484476E-5,1.8189894E-12,0.0,231.69548255205154,-2.6312888264656067,134.23828249797225,LOS,
75,31.0,0,-816104.9749940187,24,23,24,26,21,0.27300000000104774,17623.32389964536,0.0,0.0,0.0,561.1872252598405,0.990141324698925,142968.97734829783,LOS,
76,28.0,0,-675568.5963313915,12,11,24,25,0,1.7210000000013679,18210.733129199594,0.0,0.0,0.0,26.222004294395447,-80.13592094182968,2432.598685670644,NLOS,
81,25.0,0,-628028.912608929,20,19,20,20,16,-1.4510000000009313,18966.746362555772,0.0,0.0,0.0,782.2352376505733,10.517960216850042,-45107.08503679186,NLOS,
23,38.0,0,-699226.0588015802,43,42,44,47,41,-0.1430000000000291,17771.528867591172,-8.684654657430742E-5,5.2702547E-13,0.0,412.9276533611119,-0.17231256514787674,54.12148953601718,LOS,
1,77.0,0,-694139.8231834136,40,39,40,40,19,0.375,18101.412084210664,-9.345527218552862E-6,9.115497E-13,0.0,91.80284722521901,0.3494487814605236,9.50144026428461,NLOS,
3,46.0,0,-633360.1986565813,31,23,21,36,19,0.7129999999997381,17898.503491908312,1.935960310258024E-4,2.1957989E-11,0.0,310.3898560665548,12.698598593473434,70.22548985853791,NLOS,
4,66.0,0,-693335.5960982777,46,45,46,48,44,0.33399999999892316,18530.749412849545,-6.773098198581174E-6,1.1113381E-13,0.0,338.1285016685724,0.5478318072855473,-23.530825942754745,LOS,
9,8.0,0,-714923.7930511236,44,43,44,45,43,0.19399999999950523,17609.25492155552,-7.83988395463964E-5,-1.1731217E-11,0.0,583.4026163928211,0.07051588594913483,91.80907217040658,LOS,
73,32.0,0,-1054259.418410752,23,22,23,35,22,0.23300000000017462,18522.01707150042,0.0,0.0,0.0,329.41155022755265,4.899362254887819,362930.81524375826,NLOS,
74,49.0,0,-680450.9473114423,35,34,35,46,33,0.22600000000238651,18423.529365394264,3.6716370962478514E-5,1.8189894E-12,0.0,230.9243894442916,-0.7710931077599525,129.63524413108826,LOS,
75,31.0,0,-834304.8012771159,24,23,24,26,21,-0.7710000000006403,17634.596740312874,0.0,0.0,0.0,558.0087809599936,3.1784442998468876,142976.19811012223,LOS,
76,28.0,0,-693782.9457997344,15,15,24,25,0,2.8849999999983993,18281.354160398245,0.0,0.0,0.0,88.74863912537694,62.52663483098149,2454.342632740736,NLOS,
81,25.0,0,-646213.9028096013,20,19,20,20,16,-1.5819999999985157,18955.38627080992,0.0,0.0,0.0,762.7807495370507,-19.45448811352253,-45114.70035739243,NLOS,
23,38.0,0,-717419.2975098677,43,42,44,47,41,0.25,17779.79881020263,-8.684654604728061E-5,5.2702547E-13,0.0,412.76753030344844,0.1601230576634407,54.75483455136418,LOS,
1,77.0,0,-712332.6608525217,40,39,40,40,19,-0.14400000000023283,18101.175564341247,-9.345526307000952E-6,9.115497E-13,0.0,92.35068054497242,-0.5478333197534084,9.43406892195344,NLOS,
3,46.0,0,-651553.6822986603,31,30,31,36,19,-0.7659999999996217,17898.17296864465,1.9359605298384654E-4,2.1957989E-11,0.0,294.89801982045174,15.491836246103048,70.81040106341243,NLOS,
4,66.0,0,-711528.610683661,46,45,46,48,44,-0.06199999999807915,18530.518499020487,-6.773098087447085E-6,1.1113381E-13,0.0,337.59519385918975,-0.5333078093826771,-23.421520970761776,LOS,
9,8.0,0,-733116.2130841352,44,43,44,45,43,-0.1389999999992142,17608.948502141982,-7.839885127764243E-5,-1.1731217E-11,0.0,583.9991654828191,-0.5965490899980068,91.32027451321483,LOS,
73,32.0,0,-1072559.0769159533,24,23,23,35,22,0.4819999999999709,18628.975645069033,0.0,0.0,0.0,436.07033134251833,106.65878111496568,363037.5684352331,NLOS,
74,49.0,0,-698641.40799753,39,35,35,46,33,-0.3400000000001455,18425.840525064617,3.6716372781472444E-5,1.8189894E-12,0.0,232.93575665727258,2.0113672129809856,127.19116181135178,LOS,
75,31.0,0,-852498.3388162367,24,23,24,26,21,0.17699999999967986,17628.506614316255,0.0,0.0,0.0,564.3986994102597,-6.389918450266123,142976.83033551648,LOS,
76,28.0,0,-711982.1543960236,16,15,15,25,0,0.7809999999990396,18265.736215516925,0.0,0.0,0.0,72.83090179041028,-15.91773733496666,2460.6459153033793,NLOS,
81,25.0,0,-664390.0900411792,20,19,20,20,16,-1.3260000000009313,18947.132317814976,0.0,0.0,0.0,754.2270040884614,-8.553745448589325,-45131.41843954101,NLOS,
23,38.0,0,-735612.1851360202,42,42,43,47,41,-0.08400000000256114,17779.5258577317,-8.684654552025384E-5,5.2702547E-13,0.0,413.37539572268724,-0.6078654192388058,54.73730497434735,LOS,
1,77.0,0,-730525.1297210976,40,39,40,40,19,0.3460000000013679,18101.50436576456,-9.345525395448818E-6,9.115497E-13,0.0,92.3140528537333,0.036627691239118576,8.698104586452246,NLOS,
3,46.0,0,-669746.2587391809,31,31,31,36,19,0.7789999999986321,17898.40997654572,1.9359607494189604E-4,2.1957989E-11,0.0,295.2703846395016,-0.3723648190498352,70.18831825256348,NLOS,
4,66.0,0,-729721.6747845262,46,45,46,48,44,0.2809999999990396,18530.829588461667,-6.773097976312969E-6,1.1113381E-13,0.0,337.60779160633683,0.012597747147083282,-23.562492977827787,LOS,
9,8.0,0,-751309.2462397218,44,43,44,45,43,0.2680000000000291,17609.192684400827,-7.839886300889132E-5,-1.1731217E-11,0.0,584.0531032755971,-0.05393779277801514,91.14480696991086,LOS,
73,32.0,0,-1090698.5036318824,24,23,24,35,22,0.1820000000006985,18469.530901893973,0.0,0.0,0.0,276.32579570263624,-159.7445356398821,362983.7900449708,NLOS,
74,49.0,0,-716830.4247816876,40,39,39,46,33,0.558999999997468,18424.85829371214,3.6716374600466815E-5,1.8189894E-12,0.0,231.65373284369707,-1.2820238135755062,123.0033851005137,LOS,
75,31.0,0,-870692.3604747206,24,23,24,26,21,-0.886000000002241,17628.977770201862,0.0,0.0,0.0,564.2273359894753,0.17136342078447342,142977.64688780904,LOS,
76,28.0,0,-730183.2598370947,17,16,16,25,0,-0.8359999999993306,18268.423549052328,0.0,0.0,0.0,75.21844286099076,2.3875410705804825,2468.5462501831353,NLOS,
81,25.0,0,-682614.8463557623,20,19,20,20,16,-0.2599999999983993,18995.24256812781,0.0,0.0,0.0,802.0374619364738,47.81045784801245,-45099.86723114923,NLOS,
23,38.0,0,-753805.1460634544,42,41,43,47,41,0.13300000000162981,17779.770520608872,-8.684654499322691E-5,5.2702547E-13,0.0,413.5252948477864,-0.14989912509918213,54.49328421801329,LOS,
1,77.0,0,-748717.3727952652,39,39,40,40,19,-0.6100000000005821,18101.26768211648,-9.345524483896963E-6,9.115497E-13,0.0,92.12885871902108,0.18519413471221924,8.03613829985261,NLOS,
3,46.0,0,-687941.2130750455,32,31,31,36,19,-0.8879999999990105,17898.08229387924,1.9359609689993882E-4,2.1957989E-11,0.0,292.5705854818225,2.699799157679081,72.24392324313521,NLOS,
4,66.0,0,-747914.3953176253,46,45,46,48,44,-0.6889999999984866,18530.58256240934,-6.773097865178887E-6,1.1113381E-13,0.0,337.66427440568805,0.05648279935121536,-23.747240290045738,LOS,
9,8.0,0,-769501.9336244166,43,42,44,45,42,-0.6570000000028813,17608.88614678383,-7.839887474013661E-5,-1.1731217E-11,0.0,584.0661664195359,-0.013063143938779831,90.92336099594831,LOS,
73,32.0,0,-1108811.3743093386,24,24,24,35,22,-0.8010000000031141,18442.81438987702,0.0,0.0,0.0,249.90907614678144,-26.416719555854797,362903.75540869683,NLOS,
74,49.0,0,-735017.9384896643,41,40,40,46,33,-0.4239999999990687,18423.512060459703,3.671637641946063E-5,1.8189894E-12,0.0,230.6072920486331,-1.0464407950639725,117.61232466623187,LOS,
75,31.0,0,-888882.3237216286,24,23,24,26,21,0.603000000002794,17624.842068590224,0.0,0.0,0.0,568.0632451400161,-3.8359091505408287,142974.70482098684,LOS,
76,28.0,0,-748337.0818380788,18,17,17,25,0,-1.0469999999986612,18221.116008758545,0.0,0.0,0.0,28.210695028305054,-47.00774783268571,2429.462937436998,NLOS,
81,25.0,0,-700777.6850238554,20,19,20,20,16,3.6929999999993015,18933.433896891773,0.0,0.0,0.0,740.5285831615329,-61.50887877494097,-45129.93387678638,NLOS,
23,38.0,0,-771997.8147218861,42,41,42,47,41,-0.6430000000000291,17779.526024244726,-8.684654446620017E-5,5.2702547E-13,0.0,413.4577344916761,0.0675603561103344,54.25678691640496,LOS,
1,77.0,0,-766909.746104069,39,38,40,40,19,0.6100000000005821,18101.22761151567,-9.345523572344938E-6,9.115497E-13,0.0,91.86021735519171,0.2686413638293743,7.804199106991291,NLOS,
3,46.0,0,-706136.1057741679,32,31,32,36,19,0.5540000000000873,17897.963376507163,1.935961188579857E-4,2.1957989E-11,0.0,292.1221257708967,0.4484597109258175,74.53768395259976,NLOS,
4,66.0,0,-766107.6544703655,46,45,46,48,44,0.5429999999978463,18530.528070840985,-6.773097754044783E-6,1.1113381E-13,0.0,337.93113073706627,0.2668563313782215,-23.09357550740242,LOS,
9,8.0,0,-787694.0444036163,43,42,44,45,42,0.40300000000206637,17608.764136336744,-7.83988864713841E-5,-1.1731217E-11,0.0,583.874261867255,0.19190455228090286,90.42510198429227,LOS,
73,32.0,0,-1126970.4257871695,32,24,24,35,22,-0.0819999999985157,18488.59066011384,0.0,0.0,0.0,295.98513884469867,46.07606269791722,362870.20136525854,NLOS,
74,49.0,0,-753206.3216319233,41,40,41,46,33,0.2989999999990687,18424.665182817727,3.6716378238454784E-5,1.8189894E-12,0.0,232.06020686775446,1.4529148191213608,113.39049097523093,LOS,
75,31.0,0,-907077.6463574469,25,24,24,26,21,-1.621000000002823,17629.483826514333,0.0,0.0,0.0,563.1216947548091,4.941550385206938,142977.42193553597,LOS,
76,28.0,0,-766585.572097972,19,18,18,25,0,0.3999999999978172,18315.416985426098,0.0,0.0,0.0,122.81146415695548,94.60076912865043,2485.347676061094,NLOS,
81,25.0,0,-718985.065014869,19,19,20,20,16,-0.4099999999998545,18977.70509929955,0.0,0.0,0.0,785.0995780304074,44.57099486887455,-45115.15940704197,NLOS,
23,38.0,0,-790190.0934812166,42,41,42,47,41,0.5959999999977299,17779.398143805563,-8.684654393917333E-5,5.2702547E-13,0.0,413.3322780877352,0.12545640394091606,53.930182974785566,LOS,
1,77.0,0,-785103.3101961613,39,38,39,40,19,0.8650000000016007,18101.967518530786,-9.345522660792914E-6,9.115497E-13,0.0,91.94238556548953,-0.08216821029782295,7.863665830343962,NLOS,
3,46.0,0,-724333.1080241054,32,31,32,36,19,0.9519999999974971,17898.595034275204,1.935961408160325E-4,2.1957989E-11,0.0,291.6294593960047,0.4926663748919964,78.04161810129881,NLOS,
4,66.0,0,-784301.613490127,46,45,46,48,44,1.1640000000006694,18531.27493064478,-6.773097642910681E-6,1.1113381E-13,0.0,337.7812147140503,-0.14991602301597595,-22.639421071857214,LOS,
9,8.0,0,-805888.0457726195,43,43,43,45,42,1.004000000000815,17609.430061917752,-7.839889820263155E-5,-1.1731217E-11,0.0,584.0928478129208,-0.21858594566583633,90.91805540397763,LOS,
73,32.0,0,-1145178.5819438584,33,32,32,35,22,1.106999999999971,18538.526076823473,0.0,0.0,0.0,345.0211781747639,49.03603933006525,362884.85262329876,NLOS,
74,49.0,0,-771396.9163280427,41,41,41,46,33,1.1700000000018917,18425.96262426302,3.671638005744893E-5,1.8189894E-12,0.0,232.45827093720436,0.3980640694499016,110.4808337688446,LOS,
75,31.0,0,-925270.6770093217,25,24,25,26,21,2.312000000001717,17628.12270952761,0.0,0.0,0.0,565.3821891210973,-2.260494366288185,142976.9476887621,LOS,
76,28.0,0,-784762.1257141456,20,19,19,25,0,-0.05400000000008731,18244.65635248646,0.0,0.0,0.0,51.15145383775234,-71.66001031920314,2468.39639358595,NLOS,
81,25.0,0,-737184.3037432656,19,18,20,20,16,-1.0490000000027067,18969.032341077924,0.0,0.0,0.0,775.5274424292147,-9.572135601192713,-45109.42557729408,NLOS,
23,38.0,0,-808384.1338275783,42,41,42,47,41,1.1460000000006403,17780.121784273535,-8.684654341214647E-5,5.2702547E-13,0.0,413.5535415261984,-0.22126343846321106,54.465788688510656,LOS,
1,77.0,0,-803295.9182457924,39,38,39,40,19,-0.47700000000259024,18102.38184319064,-9.345521749240896E-6,9.115497E-13,0.0,92.03622121736407,-0.09383565187454224,6.367505174130201,NLOS,
3,46.0,0,-742563.5222733766,32,31,32,36,19,-0.7739999999976135,17898.828701082617,1.9359616277407922E-4,2.1957989E-11,0.0,257.4308928772807,34.198566518723965,114.35796666517854,NLOS,
4,66.0,0,-802494.967296429,46,45,46,48,44,-0.6959999999999127,18531.6546404697,-6.773097531776579E-6,1.1113381E-13,0.0,337.5609678737819,-0.2202468402683735,-23.390065014362335,LOS,
9,8.0,0,-824081.929768078,44,43,43,45,42,-0.7880000000004657,17609.744317036122,-7.839890993387895E-5,-1.1731217E-11,0.0,584.3698156364262,-0.2769678235054016,90.69405036047101,LOS,
73,32.0,0,-1163392.747024957,33,32,33,35,22,-0.565999999998894,18545.079127255827,0.0,0.0,0.0,350.9746436960995,5.953465521335602,362904.9132208377,NLOS,
74,49.0,0,-789586.3328618556,42,41,41,46,33,-0.2639999999992142,18426.189228672534,3.671638187644308E-5,1.8189894E-12,0.0,232.08529043197632,-0.3729805052280426,105.79342934116721,LOS,
75,31.0,0,-943465.7194623761,25,24,25,26,21,0.3600000000005821,17630.269086312503,0.0,0.0,0.0,563.835397247225,1.5467918738722801,142977.8856582567,LOS,
76,28.0,0,-802965.4037674107,20,20,20,25,0,0.5450000000018917,18271.86124194786,0.0,0.0,0.0,77.75675838813186,26.605304550379515,2477.5699632912874,NLOS,
81,25.0,0,-755383.5425446332,19,18,19,20,16,0.5200000000004366,18969.39879565686,0.0,0.0,0.0,775.2943120971322,-0.23313033208251,-45104.29125948623,NLOS,
23,38.0,0,-826577.4205657206,41,41,42,47,41,-0.9099999999998545,17780.443572517484,-8.684654288511963E-5,5.2702547E-13,0.0,413.84155850857496,-0.28801698237657547,53.648201268166304,LOS,
1,77.0,0,-821489.1358230375,39,38,39,40,19,-0.2809999999990396,18101.60322976485,-9.345520837688932E-6,9.115497E-13,0.0,91.46719267219305,0.5690285451710224,6.680041965097189,NLOS,
3,46.0,0,-760754.1165733933,32,31,32,36,19,-0.11700000000200816,17898.077683873475,1.9359618473212465E-4,2.1957989E-11,0.0,297.3935746625066,-39.96268178522587,112.05353580787778,NLOS,
4,66.0,0,-820688.322728537,46,45,46,48,44,-0.14400000000023283,18530.882220588624,-6.773097420642483E-6,1.1113381E-13,0.0,337.9776834510267,0.4167155772447586,-22.93991332128644,LOS,
9,8.0,0,-842275.3618843891,44,43,44,45,42,-0.10100000000238651,17608.91814011708,-7.839892166512567E-5,-1.1731217E-11,0.0,583.9970085285604,0.3728071078658104,91.21733600273728,LOS,
73,32.0,0,-1181593.4307676181,33,33,33,35,22,-0.5020000000004075,18531.071067277342,0.0,0.0,0.0,338.1657535471022,-12.808890148997307,362912.6916497685,NLOS,
74,49.0,0,-807776.9564910755,42,41,42,46,33,-0.5990000000019791,18426.304945442826,3.671638369543711E-5,1.8189894E-12,0.0,233.40017703175545,1.314886599779129,103.51229014992714,LOS,
75,31.0,0,-961655.876004409,25,25,25,26,21,-0.7849999999998545,17625.435375995934,0.0,0.0,0.0,567.4699377343059,-3.6345404870808125,142975.13688655943,LOS,
76,28.0,0,-821154.0328955725,21,20,20,25,0,0.1889999999984866,18257.046007081866,0.0,0.0,0.0,64.1406933516264,-13.61606503650546,2473.2937777228653,NLOS,
81,25.0,0,-773577.5439396985,19,18,19,20,16,-1.3989999999976135,18963.884526845068,0.0,0.0,0.0,770.9792131148279,-4.315098982304335,-45103.19517815113,NLOS,
23,38.0,0,-844770.8634199426,41,40,42,47,40,-0.04499999999825377,17779.651536881924,-8.684654235809282E-5,5.2702547E-13,0.0,413.4314511157572,0.41010739281773567,54.1858997605741,LOS,
1,77.0,0,-839682.6069285497,39,38,39,40,19,0.02500000000145519,18102.07439968735,-9.345519926136964E-6,9.115497E-13,0.0,90.93841778114438,0.5287748910486698,7.246107026934624,NLOS,
3,46.0,0,-778946.8020457514,32,31,32,36,19,-0.4139999999970314,17898.43428355083,1.9359620669017017E-4,2.1957989E-11,0.0,295.54240403324366,1.8511706292629242,111.84027729183435,NLOS,
4,66.0,0,-838881.4469384588,46,45,46,48,44,-0.10599999999976717,18531.334477864206,-6.773097309508387E-6,1.1113381E-13,0.0,338.40819953754544,0.4305160865187645,-22.720983810722828,LOS,
9,8.0,0,-860467.9289131574,44,43,44,45,42,-0.1069999999999709,17609.289071340114,-7.83989333963724E-5,-1.1731217E-11,0.0,583.6238474324346,0.37316109612584114,90.87553410232067,LOS,
73,32.0,0,-1199835.7469381578,33,33,33,35,22,0.4330000000009022,18571.692521627992,0.0,0.0,0.0,378.7872078977525,40.62145435065031,362962.10250657797,NLOS,
74,49.0,0,-825967.5785970055,42,41,42,46,33,0.12700000000040745,18427.1011880897,3.671638551443115E-5,1.8189894E-12,0.0,234.19641968235373,0.7962426505982876,101.22962767258286,LOS,
75,31.0,0,-979854.2218147106,26,25,25,26,21,-0.467000000000553,17633.96853247285,0.0,0.0,0.0,558.936781257391,8.533156476914883,142980.5773831308,LOS,
76,28.0,0,-839354.9154263362,22,21,21,25,0,0.5640000000021246,18268.51080014184,0.0,0.0,0.0,75.6054864116013,11.464793059974909,2481.270994756371,NLOS,
81,25.0,0,-791755.580937054,19,18,19,20,16,-1.5780000000013388,18949.29614482075,0.0,0.0,0.0,756.3908310905099,-14.58838202431798,-45118.06349452585,NLOS,
23,38.0,0,-862963.6831465438,41,40,41,47,40,-0.19900000000052387,17780.04637929052,-8.6846541831066E-5,5.2702547E-13,0.0,413.02490189671516,0.40654921904206276,54.10047062858939,LOS,
1,77.0,0,-857875.3015618101,39,38,39,40,19,0.9129999999968277,18102.0030278638,-9.345519014584995E-6,9.115497E-13,0.0,91.01034704968333,-0.07192926853895187,7.035699833184481,NLOS,
3,46.0,0,-797133.8446819186,32,25,32,36,19,1.3220000000001164,17898.2977418229,1.9359622864821568E-4,2.1957989E-11,0.0,300.35015361756086,-4.807749584317207,105.98418258875608,NLOS,
4,66.0,0,-857074.2241475917,45,45,46,48,44,0.9089999999996508,18531.255489278585,-6.773097198374292E-6,1.1113381E-13,0.0,338.3228930570185,-0.08530648052692413,-22.849055092781782,LOS,
9,8.0,0,-878660.7291287258,44,43,44,45,42,0.7870000000002619,17609.149459656328,-7.839894512761917E-5,-1.1731217E-11,0.0,583.7569552995265,-0.13310786709189415,90.76691899821162,LOS,
73,32.0,0,-1218051.834734317,34,33,33,35,22,0.35199999999895226,18546.25034819171,0.0,0.0,0.0,353.34503446146846,-25.442173436284065,362985.2849890068,NLOS,
74,49.0,0,-844157.6905207224,42,41,42,46,33,0.922999999998865,18427.051371414214,3.6716387333425186E-5,1.8189894E-12,0.0,234.14660300314426,-0.04981667920947075,98.4367829784751,LOS,
75,31.0,0,-998042.7719278447,26,25,26,26,21,-0.03900000000066939,17624.161510098726,0.0,0.0,0.0,568.7438036315143,-9.807022374123335,142976.22218253464,LOS,
76,28.0,0,-857521.9384148866,22,21,22,25,0,-0.1790000000000873,18235.442637521774,0.0,0.0,0.0,42.53732379153371,-33.068162620067596,2455.388669576496,NLOS,
81,25.0,0,-809946.7295718901,19,18,19,20,16,1.0430000000014843,18961.947552677244,0.0,0.0,0.0,769.0422389470041,12.651407856494188,-45119.82017342001,NLOS,
23,38.0,0,-881156.3534406163,41,41,41,47,40,0.809000000001106,17779.934664480388,-8.684654130403919E-5,5.2702547E-13,0.0,413.0966647937894,-0.07176289707422256,53.86560897156596,LOS,
1,77.0,0,-876050.1557357572,38,37,39,40,19,-1.0379999999968277,18084.338403899223,-9.345518103944581E-6,9.115497E-13,0.0,90.36161626502872,0.6487307846546173,7.27217299118638,NLOS,
3,46.0,0,-815328.8056212403,25,24,32,36,19,-1.158000000003085,17881.108496081084,1.935962505843031E-4,2.1957989E-11,0.0,273.8280075825751,26.52214603498578,126.33372439071536,NLOS,
4,66.0,0,-875249.1278139539,45,44,46,48,44,-1.0669999999990978,18513.15403446555,-6.77309708735133E-6,1.1113381E-13,0.0,338.4983719959855,0.17547893896698952,-22.563329238444567,LOS,
9,8.0,0,-896835.6726894304,44,43,44,45,42,-1.1569999999992433,17591.898038826883,-7.839895684713466E-5,-1.1731217E-11,0.0,582.709883350879,1.047071948647499,91.08899249136448,LOS,
73,32.0,0,-1236238.4307122007,34,33,34,35,22,-1.0159999999996217,18516.437082286924,0.0,0.0,0.0,341.8191084936261,-11.52592596784234,362997.2629930973,NLOS,
74,49.0,0,-862331.1490493901,42,41,42,46,33,-0.7259999999987485,18410.31761207059,3.671638915060023E-5,1.8189894E-12,0.0,235.70018305629492,1.5535800531506538,97.27788263186812,LOS,
75,31.0,0,-1016216.6519441046,26,25,26,26,21,0.19700000000011642,17610.148985259235,0.0,0.0,0.0,564.4689885340631,4.27481509745121,142975.4842250012,LOS,
76,28.0,0,-875726.2340995073,23,22,22,25,0,-1.1900000000023283,18272.803553704172,0.0,0.0,0.0,98.18557991087437,55.64825611934066,2485.066380403936,NLOS,
81,25.0,0,-828120.0722838305,19,18,19,20,16,-0.5879999999997381,18943.415421441197,0.0,0.0,0.0,768.7974476478994,-0.24479129910469055,-45121.0954352729,NLOS,
23,38.0,0,-899331.1898530126,42,41,41,47,40,-1.051000000003114,17762.5461618118,-8.684654077753941E-5,5.2702547E-13,0.0,412.1705118268728,0.9261529669165611,54.08420541509986,LOS,
1,77.0,0,-894242.8253941797,38,37,39,40,19,0.7619999999988067,18102.12857627496,-9.345516996505163E-6,9.2030507E-13,0.0,90.49222205206752,-0.1306057870388031,7.336642142385244,NLOS,
3,46.0,0,-833525.7546860836,24,23,32,36,19,0.06999999999970896,17897.361460752785,1.9359627254234867E-4,2.1957989E-11,0.0,290.0998552367091,-16.271847654134035,130.68385081738234,NLOS,
4,66.0,0,-893441.7918733619,45,44,45,48,44,0.7619999999988067,18531.361564259976,-6.773096976217234E-6,1.1113381E-13,0.0,338.70999244973063,0.21162045374512672,-22.504757784307003,LOS,
9,8.0,0,-915028.3965630643,44,43,44,45,42,0.7350000000005821,17609.115057256073,-7.839896857838143E-5,-1.1731217E-11,0.0,583.4679657518864,-0.7580824010074139,91.20382791385055,LOS,
73,32.0,0,-1254470.9025389403,34,33,34,35,22,0.6159999999981665,18562.651853315532,0.0,0.0,0.0,370.0463320463896,28.227223552763462,363037.1292985678,NLOS,
74,49.0,0,-880521.1905936636,42,42,42,46,33,0.7730000000010477,18427.294442035258,3.671639096959428E-5,1.8189894E-12,0.0,234.68946608155966,-1.01071697473526,94.71445095166564,LOS,
75,31.0,0,-1034408.4880953319,26,25,26,26,21,1.7520000000004075,17627.634103432298,0.0,0.0,0.0,564.9714178368449,-0.5024293027818203,142974.7148549594,LOS,
76,28.0,0,-893906.2405904979,23,22,23,25,0,1.254000000000815,18248.739703439176,0.0,0.0,0.0,56.134182170033455,-42.05139774084091,2472.467350125313,NLOS,
81,25.0,0,-846307.0832163766,19,18,19,20,16,1.2599999999983993,18957.899102158844,0.0,0.0,0.0,765.2935808897018,-3.503866758197546,-45126.690023995936,NLOS,
23,38.0,0,-917523.8149717934,42,41,42,47,40,0.684000000001106,17779.9507403709,-8.684654025051258E-5,5.2702547E-13,0.0,412.7222623191774,-0.5517504923045635,54.103960923850536,LOS,
1,77.0,0,-912380.8402653374,38,37,38,40,19,0.07200000000011642,18047.201630521566,-9.345516079009554E-6,9.2030507E-13,0.0,89.91042115166783,0.5818009003996849,8.207871817052364,NLOS,
3,46.0,0,-851642.0886648595,24,23,25,36,19,0.24800000000323053,17843.874766752124,1.9359629443330478E-4,2.1957989E-11,0.0,315.1450530067086,-25.045197769999504,109.88047579675913,NLOS,
4,66.0,0,-911579.2386565953,45,44,45,48,44,-0.023000000001047738,18475.125520668924,-6.7730962273866896E-6,1.379837E-13,0.0,337.9253386743367,-0.7846537753939629,-22.201666601002216,LOS,
9,8.0,0,-933165.400836274,44,44,44,45,42,-0.13699999999880674,17555.618953134865,-7.83989802737852E-5,-1.1731217E-11,0.0,581.5117455609143,1.9562201909720898,91.06067838519812,LOS,
73,32.0,0,-1272617.7581072003,34,34,34,35,22,-0.11199999999735155,18475.25847618282,0.0,0.0,0.0,338.1145596392453,-31.931772407144308,363046.84095028415,NLOS,
74,49.0,0,-898656.0105177276,43,42,42,46,33,-0.031000000002677552,18371.20127134025,3.671639278303067E-5,1.8189894E-12,0.0,234.05789845436811,-0.6315676271915436,92.39100212976336,LOS,
75,31.0,0,-1052541.9696807116,26,25,26,26,21,-2.4180000000014843,17571.20009926334,0.0,0.0,0.0,565.9438172802329,-0.9723994433879852,142971.05252379552,LOS,
76,28.0,0,-912046.6957891695,24,23,23,25,0,-0.8999999999978172,18208.49950133264,0.0,0.0,0.0,71.3555847890675,15.221402619034052,2475.7786322534084,NLOS,
81,25.0,0,-864436.3942393772,18,17,19,20,16,3.6019999999989523,18898.39385967329,0.0,0.0,0.0,761.2499431297183,-4.04363775998354,-45134.52291753888,NLOS,
23,38.0,0,-935661.1720406152,42,41,42,47,40,-0.0819999999985157,17725.97958483547,-8.684653972509601E-5,5.2702547E-13,0.0,411.22642477974296,1.495837539434433,54.31727071851492,LOS,
1,77.0,0,-930574.251804594,38,37,38,40,19,0.559000000001106,18102.6807263121,-9.345515158706136E-6,9.2030507E-13,0.0,90.16652072221041,-0.25609957054257393,8.714373242110014,NLOS,
3,46.0,0,-869822.9815758243,31,24,24,36,19,0.8209999999999127,17898.80730911717,1.9359631639125373E-4,2.1957989E-11,0.0,307.4111836589873,7.733869347721338,97.87465585768223,NLOS,
4,66.0,0,-929771.7158080228,45,44,45,48,44,0.6540000000022701,18531.89275565371,-6.7730960894032445E-6,1.379837E-13,0.0,338.93786880746484,1.0125301331281662,-22.629787534475327,LOS,
9,8.0,0,-951358.49066405,44,44,44,45,42,0.6499999999978172,17609.513892568648,-7.839899201961244E-5,-1.173171E-11,0.0,583.3694847375154,-1.8577391766011715,91.24167112261057,LOS,
73,32.0,0,-1290842.95570663,35,34,34,35,22,0.5609999999978754,18555.197724919766,0.0,0.0,0.0,362.2924111895263,24.177851550281048,363079.13323598355,NLOS,
74,49.0,0,-916847.1664373986,43,42,43,46,33,0.717000000000553,18428.291757699102,3.6716394602016704E-5,1.8189894E-12,0.0,235.38698928803205,1.3290908336639404,90.64215338975191,LOS,
75,31.0,0,-1070733.9256734997,26,25,26,26,21,1.5490000000027067,17629.03012084961,0.0,0.0,0.0,563.8751928806305,2.068624399602413,142970.10320285335,LOS,
76,28.0,0,-930255.0233055726,24,23,24,25,0,2.143999999996595,18277.44531162083,0.0,0.0,0.0,84.53999789059162,13.184413101524115,2491.200834926218,NLOS,
81,25.0,0,-882626.1411353238,18,17,19,20,16,0.5250000000014552,18961.476396799088,0.0,0.0,0.0,768.5710830688477,7.321139939129353,-45137.68133532256,NLOS,
23,38.0,0,-953854.3330346495,42,41,42,47,40,0.477999999999156,17780.405148830265,-8.684653919807153E-5,5.2702547E-13,0.0,412.5390296392143,-1.312604859471321,54.5731090195477,LOS,
1,77.0,0,-948822.5066560507,37,32,38,40,19,-0.2580000000016298,18158.198492974043,-9.345514235582716E-6,9.2030507E-13,0.0,90.63728630542755,-0.470765583217144,8.002998068928719,NLOS,
3,46.0,0,-888072.5740494467,32,31,31,36,19,-0.6550000000024738,17953.423803132027,1.935963384164864E-4,2.1957989E-11,0.0,293.83860806003213,13.572575598955154,98.5072291046381,NLOS,
4,66.0,0,-948020.2133925371,44,44,45,48,44,-0.4320000000006985,18588.694124702364,-6.77309595099699E-6,1.379837E-13,0.0,339.6851095110178,0.7472407035529613,-23.09866490587592,LOS,
9,8.0,0,-969607.6139799878,44,44,44,45,42,-0.5069999999977881,17663.446288190782,-7.839900378724904E-5,-1.173171E-11,0.0,585.5148235522211,-2.1453388147056103,91.39495583623648,LOS,
73,32.0,0,-1309107.5124209747,35,34,35,35,22,-0.4470000000001164,18596.550640117377,0.0,0.0,0.0,347.5841367430985,-14.708274446427822,363094.72344695404,NLOS,
74,49.0,0,-935092.4952160679,43,42,43,46,33,-0.5959999999977299,18484.08184791729,3.67163964265765E-5,1.8189894E-12,0.0,235.1158915311098,-0.271097756922245,87.00497567281127,LOS,
75,31.0,0,-1088981.9653339423,26,25,26,26,21,-0.1930000000029395,17682.288185391575,0.0,0.0,0.0,566.6783179827034,-2.803125102072954,142969.1763599217,LOS,
76,28.0,0,-948505.1542283334,24,23,24,25,0,-1.0289999999986321,18320.18089487031,0.0,0.0,0.0,71.21439149603248,-13.325606394559145,2492.3652543127537,NLOS,
81,25.0,0,-900872.659377221,18,17,18,20,16,-1.0139999999992142,19019.393669478595,0.0,0.0,0.0,770.4271661043167,1.8560830354690552,-45140.12959679961,NLOS,
23,38.0,0,-972102.9717144445,43,42,42,47,40,-0.282999999999447,17834.875085350126,-8.684654004760485E-5,5.3343484E-13,0.0,414.12010358273983,-1.5810739435255527,54.245030757039785,LOS,
1,77.0,0,-966959.7755415663,32,31,38,40,19,0.011999999998806743,18047.15209882334,-9.345513318099362E-6,9.2030507E-13,0.0,90.02913964912295,0.6081466563045979,7.8284496404230595,NLOS,
3,46.0,0,-906211.4080305956,32,31,32,36,19,0.0,17843.54038662091,1.9359636030715012E-4,2.1957989E-11,0.0,292.06157601997256,1.7770320400595665,99.9040639065206,NLOS,
4,65.0,0,-966157.2036271095,44,43,45,48,43,0.15999999999985448,18475.044767651707,-6.773095813436365E-6,1.379837E-13,0.0,337.56282053515315,-2.122288975864649,-23.552098091691732,LOS,
9,8.0,0,-987744.6228779256,44,44,44,45,42,0.04099999999743886,17555.342018298805,-7.839901548298813E-5,-1.173171E-11,0.0,582.0994364917278,3.415387060493231,90.95663847774267,LOS,
73,26.0,0,-927839.843399141,35,34,35,35,22,0.13000000000101863,18490.482123661786,0.0,0.0,0.0,353.0384146608412,5.454277917742729,-36310.38928388059,NLOS,
74,49.0,0,-953225.9537432119,43,42,43,46,33,0.5249999999978172,18370.608412917703,3.671639823998867E-5,1.8189894E-12,0.0,233.16524756327271,-1.9506439678370953,83.02033746242523,LOS,
75,31.0,0,-1107120.1618544944,26,25,26,26,21,-0.16799999999784632,17575.806956745684,0.0,0.0,0.0,561.636752255261,5.041565727442503,142969.9291714728,LOS,
76,28.0,0,-966663.8706362359,24,23,24,25,0,-0.7730000000010477,18227.55513910204,0.0,0.0,0.0,90.11143010109663,18.897038605064154,2513.6379532143474,NLOS,
23,38.0,0,-990239.9891930595,43,42,43,47,40,0.1290000000008149,17725.78744218871,-8.684653951580558E-5,5.3343484E-13,0.0,411.6618678793311,2.458235703408718,53.818959798663855,LOS,
1,77.0,0,-985152.283409439,31,30,37,40,19,-0.03499999999985448,18102.788548074663,-9.345512397796003E-6,9.2030507E-13,0.0,89.95878735929728,0.07035228982567787,7.131487224251032,NLOS,
3,46.0,0,-924402.4681902975,33,32,32,36,19,0.1430000000000291,17898.468439348042,1.9359638226509765E-4,2.1957989E-11,0.0,295.92603807896376,-3.8644620589911938,97.76570024713874,NLOS,
4,65.0,0,-984349.276044175,44,43,44,48,43,0.3029999999998836,18531.986210882664,-6.773095675452929E-6,1.379837E-13,0.0,338.74546821787953,1.1826476827263832,-24.684745848178864,LOS,
9,8.0,0,-1005936.6309425309,44,44,44,45,42,0.14400000000023283,17609.401391513646,-7.839902721467564E-5,-1.173171E-11,0.0,583.809647437185,-1.71021094545722,89.7560798227787,LOS,
73,26.0,0,-946070.3613584116,35,34,35,35,22,0.22100000000136788,18544.582007367164,0.0,0.0,0.0,351.3769011795521,-1.6615134812891483,-36273.07643079758,NLOS,
74,49.0,0,-971414.461724937,43,43,43,46,33,0.1680000000014843,18427.488090571016,3.671640005897459E-5,1.8189894E-12,0.0,234.28352970257401,1.1182821393013,78.32375831902027,LOS,
75,31.0,0,-1125315.0440940969,26,25,26,26,21,0.25500000000101863,17631.29864915833,0.0,0.0,0.0,561.906457029283,-0.26970477402210236,142971.60630488768,LOS,
76,28.0,0,-984837.2765987143,24,23,24,25,0,2.150000000001455,18242.614677015692,0.0,0.0,0.0,49.40957082808018,-40.70185927301645,2493.838809505105,NLOS,
23,38.0,0,-1008431.8081666119,43,42,43,47,40,0.0,17780.37228300795,-8.684653898237177E-5,5.3343484E-13,0.0,412.8382379449904,-1.1763700656592846,52.432987082749605,LOS,
1,77.0,0,-1003345.5444341004,30,29,32,40,19,-0.06899999999950523,18102.651466261595,-9.345511477492588E-6,9.2030507E-13,0.0,89.55227766558528,0.4065096937119961,7.487474054098129,NLOS,
3,46.0,0,-942592.3875797987,32,31,33,36,19,-0.37299999999959255,17898.223708689213,1.9359640422304654E-4,2.1957989E-11,0.0,297.29567792639136,-1.3696398474276066,94.78635884821415,NLOS,
4,65.0,0,-1002541.8053112589,44,43,44,48,43,-0.44099999999889405,18531.82147726789,-6.773095537469484E-6,1.379837E-13,0.0,338.8797837346792,0.13431551679968834,-25.060751128941774,LOS,
9,8.0,0,-1024129.1893004738,44,43,44,45,42,-0.4099999999998545,17609.17711823806,-7.839903894636384E-5,-1.173171E-11,0.0,583.7337566241622,0.07589081302285194,89.40560696646571,LOS,
73,26.0,0,-964337.3874963522,35,34,35,35,22,-0.8630000000011933,18555.40563718602,0.0,0.0,0.0,362.50032345578074,11.123422276228666,-36198.95560658723,NLOS,
74,49.0,0,-989604.0197220594,44,43,43,46,33,-0.47000000000116415,18427.750044155866,3.671640187796062E-5,1.8189894E-12,0.0,234.8452757447958,0.5617460422217846,74.97698703035712,LOS,
75,31.0,0,-1143508.0768841282,26,25,26,26,21,0.30099999999947613,17629.396575421095,0.0,0.0,0.0,563.508738309145,-1.602281279861927,142971.73378118873,LOS,
76,28.0,0,-1003008.6613236815,23,22,24,25,0,1.879000000000815,18241.061607632786,0.0,0.0,0.0,48.15629390254617,-1.25327692553401,2472.318220742047,NLOS,
23,38.0,0,-1026624.3580563068,44,43,43,47,40,-0.3500000000021828,17780.17680772394,-8.684653844893792E-5,5.3343484E-13,0.0,412.7352215349674,0.10301641002297401,52.07772296667099,LOS,
1,77.0,0,-1021594.6513213217,29,22,31,40,19,0.625,18102.925223611295,-9.345510557189228E-6,9.2030507E-13,0.0,34.068067494779825,55.484210170805454,62.78994607180357,NLOS,
3,46.0,0,-960781.2407370023,32,31,33,36,19,0.01900000000023283,17898.146535217762,1.935964261809941E-4,2.1957989E-11,0.0,298.16259345412254,-0.8669155277311802,89.8414077758789,NLOS,
4,65.0,0,-1020734.6403248049,44,43,44,48,43,0.25899999999819556,18531.81291154027,-6.773095399486047E-6,1.379837E-13,0.0,337.983361646533,-0.8964220881462097,-26.030387319624424,LOS,
9,8.0,0,-1042323.229647249,44,43,44,45,42,0.13300000000162981,17609.101227592677,-7.839905067805135E-5,-1.173171E-11,0.0,584.721103105694,-0.9873464815318584,89.63774556666613,LOS,
73,26.0,0,-982604.3737950884,35,34,35,35,22,0.407999999999447,18531.112490929663,0.0,0.0,0.0,337.3077998235822,-25.192523632198572,-36125.77399895713,NLOS,
74,49.0,0,-1007793.5926543847,44,43,44,46,33,0.4680000000007567,18427.58020190522,3.671640369694656E-5,1.8189894E-12,0.0,233.7760561183095,-1.0692196264863014,70.74577356874943,LOS,
75,31.0,0,-1161697.4416441694,26,25,26,26,21,-0.5270000000018626,17625.470276433975,0.0,0.0,0.0,568.3344146721065,-4.825676362961531,142967.29385012388,LOS,
76,28.0,0,-1021192.1620363481,23,22,24,25,0,-1.9979999999995925,18254.917080521584,0.0,0.0,0.0,61.11238941550255,12.95609551295638,2462.0142423026264,NLOS,
23,38.0,0,-1044817.7379882857,44,43,44,47,40,0.3359999999993306,17780.128517009318,-8.684653791550409E-5,5.3343484E-13,0.0,413.69366731122136,-0.9584457762539387,51.65312376245856,LOS,
1,77.0,0,-1039800.8408193775,22,21,30,40,19,-1.190999999998894,18102.993588238955,-9.345509636885815E-6,9.2030507E-13,0.0,76.10162192583084,-42.033554431051016,76.37419875711203,NLOS,
3,46.0,0,-978959.4437406994,32,24,32,36,19,0.17799999999988358,17898.261419057846,1.9359644813894293E-4,2.1957989E-11,0.0,308.6679702177644,-10.505376763641834,75.44547302648425,NLOS,
4,65.0,0,-1038927.1401027627,44,43,44,48,43,-0.056000000000494765,18531.97138127312,-6.773095261502604E-6,1.379837E-13,0.0,339.3504781238735,1.3671164773404598,-26.136089265346527,LOS,
9,8.0,0,-1060515.703488674,44,43,44,45,42,-0.09000000000014552,17609.18691317737,-7.839906240973953E-5,-1.173171E-11,0.0,583.4526000991464,1.2685030065476894,89.50254864618182,LOS,
73,26.0,0,-1000907.2155487239,34,34,35,35,22,-0.15599999999903957,18539.214578729123,0.0,0.0,0.0,346.60905745998025,9.301257636398077,-36015.537766590714,NLOS,
74,49.0,0,-1025982.7362999916,44,43,44,46,33,-0.02500000000145519,18427.64867395535,3.6716405515932586E-5,1.8189894E-12,0.0,235.04369800165296,1.2676418833434582,67.2844432219863,LOS,
75,31.0,0,-1179888.7512647621,26,25,26,26,21,0.9390000000021246,17627.860956262797,0.0,0.0,0.0,564.7445650063455,3.589849665760994,142965.99794944748,LOS,
76,28.0,0,-1039439.3854454085,23,22,23,25,0,-1.1080000000001746,18317.21435784921,0.0,0.0,0.0,124.60883658006787,63.496447164565325,2516.6321300938725,NLOS,
23,38.0,0,-1063010.205524575,44,43,44,47,40,-0.20899999999892316,17780.24237301573,-8.684653738207024E-5,5.3343484E-13,0.0,412.3975513614714,1.2961159497499466,51.51529869809747,LOS,
1,77.0,0,-1057979.4944555536,23,22,29,40,19,1.1189999999987776,18102.803624827415,-9.345508716582454E-6,9.2030507E-13,0.0,103.99201256036758,-27.890390634536743,62.12279710173607,NLOS,
3,46.0,0,-997129.3432240263,24,23,32,36,19,0.05500000000029104,17898.36603475362,1.935964700968905E-4,2.1957989E-11,0.0,316.98600900918245,-8.318038791418076,52.44622544944286,NLOS,
4,65.0,0,-1057120.1175943427,44,43,44,48,43,0.20500000000174623,18531.964820269495,-6.7730951235191674E-6,1.379837E-13,0.0,339.06549422442913,-0.28498389944434166,-26.063870050013065,LOS,
9,8.0,0,-1078709.2712868452,44,43,44,45,42,0.17799999999988358,17609.115943487734,-7.839907414142707E-5,-1.173171E-11,0.0,583.8304235041142,-0.3778234049677849,90.16151601821184,LOS,
73,26.0,0,-1019245.688617859,34,29,35,35,22,0.007999999997991836,18549.886834323406,0.0,0.0,0.0,356.98152059316635,10.372463133186102,-35869.970011185855,NLOS,
74,49.0,0,-1044172.2478796095,44,43,44,46,33,0.04500000000189175,18427.529624335468,3.6716407334918513E-5,1.8189894E-12,0.0,234.6248559243977,-0.418842077255249,63.89125442877412,LOS,
75,31.0,0,-1198079.0550974011,26,25,26,26,21,-0.6229999999995925,17626.70005529374,0.0,0.0,0.0,566.205258436501,-1.4606934301555157,142963.39646835625,LOS,
76,28.0,0,-1057599.702081561,22,16,23,25,0,2.1159999999981665,18231.411637227982,0.0,0.0,0.0,38.506323497742414,-86.10251308232546,2484.043452516198,NLOS,
23,38.0,0,-1081203.540763341,45,44,44,47,40,0.20300000000133878,17780.195849705487,-8.684653684863642E-5,5.3343484E-13,0.0,412.73773496225476,-0.3401836007833481,51.9453836530447,LOS,
1,77.0,0,-1076170.261648856,24,23,23,40,19,-0.23799999999755528,18103.013328775764,-9.34550779627904E-6,9.2030507E-13,0.0,89.94374256208539,14.048269998282194,60.884329948574305,NLOS,
3,46.0,0,-1015300.842200797,23,22,32,36,19,-0.41200000000026193,17897.801344901323,1.935964920548394E-4,2.1957989E-11,0.0,314.1776515096426,2.808357499539852,31.94584869220853,NLOS,
4,65.0,0,-1075311.7164980434,44,43,44,48,43,-0.2250000000021828,18531.977185040712,-6.773094985535722E-6,1.379837E-13,0.0,339.9724049754441,0.9069107510149479,-26.470861338078976,LOS,
9,8.0,0,-1096900.7360251509,44,43,44,45,42,-0.2680000000000291,17609.068766471,-7.839908587311528E-5,-1.173171E-11,0.0,582.9890008829534,0.8414226211607456,89.61680089309812,LOS,
73,26.0,0,-1037605.8632546477,30,29,34,35,22,-0.0319999999992433,18544.231718569994,0.0,0.0,0.0,352.22578221186996,-4.755738381296396,-35701.80131075531,NLOS,
74,49.0,0,-1062358.933423549,44,43,44,46,33,0.10399999999935972,18426.448755577207,3.671640915390455E-5,1.8189894E-12,0.0,234.44336453825235,-0.18149138614535332,58.571407329291105,LOS,
75,31.0,0,-1216269.9499483071,26,25,26,26,21,-0.38800000000264845,17627.779854632914,0.0,0.0,0.0,564.22608172521,1.9791767112910748,142962.2853829041,LOS,
76,28.0,0,-1075839.4019713737,17,16,23,25,0,1.0349999999998545,18309.693314000964,0.0,0.0,0.0,117.68737764284015,79.18105414509773,2531.7374059706926,NLOS,
23,38.0,0,-1099394.8369657658,45,44,45,47,40,-0.20100000000093132,17780.17691699788,-8.684653631520256E-5,5.3343484E-13,0.0,411.86156422644854,0.8761707358062267,51.23580964282155,LOS,
1,77.0,0,-1094338.4131204449,24,23,24,40,19,-0.13500000000203727,18102.837984841317,-9.345506875975675E-6,9.2030507E-13,0.0,112.92421005666256,-22.98046749457717,37.629725996404886,NLOS,
3,46.0,0,-1033476.5022900179,23,22,24,36,19,0.5950000000011642,17897.769959643483,1.9359651401278704E-4,2.1957989E-11,0.0,310.9454992674291,3.2321522422134876,16.206169299781322,NLOS,
4,65.0,0,-1093503.6080434509,44,43,44,48,43,0.49600000000282307,18532.1523661986,-6.773094847552286E-6,1.379837E-13,0.0,340.75553308054805,0.7831281051039696,-25.985626004636288,LOS,
9,8.0,0,-1115093.1110162362,44,43,44,45,42,0.407999999999447,17609.163678623736,-7.839909760480281E-5,-1.173171E-11,0.0,582.2922739163041,0.6967269666492939,90.58192346990108,LOS,
73,26.0,0,-1055973.4933795817,30,29,34,35,22,0.15499999999883585,18525.930677570403,0.0,0.0,0.0,334.5243261307478,-17.70145608112216,-35525.57753726095,NLOS,
74,49.0,0,-1080547.7561062388,44,43,44,46,33,0.33000000000174623,18427.369747288525,3.671641097289048E-5,1.8189894E-12,0.0,235.96394116804004,1.5205766297876835,55.9882838986814,LOS,
75,31.0,0,-1234461.1054750308,26,25,26,26,21,1.1520000000018626,17629.074081148952,0.0,0.0,0.0,562.3322702907026,1.89381143450737,142962.03455818817,LOS,
76,28.0,0,-1093968.8891409338,18,17,22,25,0,-1.2969999999986612,18200.01869551465,0.0,0.0,0.0,8.612344074994326,-109.07503356784582,2469.818224091083,NLOS,
23,38.0,0,-1117587.3592383042,45,45,45,47,40,0.43000000000029104,17780.297241210938,-8.684653578176874E-5,5.3343484E-13,0.0,411.138867739588,0.7226964868605137,52.35189066082239,LOS,
1,77.0,0,-1112507.6554556563,25,24,24,40,19,1.3559999999997672,18103.573218785226,-9.345505955672257E-6,9.2030507E-13,0.0,111.83715014532208,1.087059911340475,14.866400752216578,NLOS,
3,46.0,0,-1051668.2413753048,23,22,23,36,19,-0.11500000000160071,17898.43378920108,1.93596535970736E-4,2.1957989E-11,0.0,294.7072582282126,16.23824103921652,15.945901058614254,NLOS,
4,65.0,0,-1111695.7882393748,44,43,44,48,43,0.40099999999802094,18532.593690063804,-6.773094709568841E-6,1.379837E-13,0.0,340.59541380405426,-0.16011927649378777,-25.811325073242188,LOS,
9,8.0,0,-1133284.5823201723,44,43,44,45,42,0.33799999999973807,17609.539535023272,-7.839910933649108E-5,-1.173171E-11,0.0,582.5193472467363,-0.2270733304321766,90.0437739752233,LOS,
73,26.0,0,-1074411.2933272049,31,30,30,35,22,0.4099999999998545,18569.169245019555,0.0,0.0,0.0,377.16330866515636,42.63898253440857,-35279.783525992185,NLOS,
74,49.0,0,-1098736.2769840434,44,43,44,46,33,0.5190000000002328,18428.296732246876,3.6716412791876526E-5,1.8189894E-12,0.0,236.2913412079215,0.3274000398814678,52.5037706643343,LOS,
75,31.0,0,-1252652.1121909358,26,25,26,26,21,-0.5270000000018626,17628.18089699,0.0,0.0,0.0,563.8250393643975,-1.4927690736949444,142961.0353377387,LOS,
76,28.0,0,-1112163.9601402096,19,18,18,25,0,-0.2969999999986612,18264.741553105414,0.0,0.0,0.0,72.73561675101519,64.12327267602086,2472.883287012577,NLOS,
23,38.0,0,-1135779.0848930143,46,45,45,47,40,0.2969999999986612,17780.704958166927,-8.684653524833489E-5,5.3343484E-13,0.0,411.3322222866118,-0.1933545470237732,52.071768935769796,LOS,
1,77.0,0,-1130671.2602511868,29,25,25,40,19,0.1749999999992724,18094.940268039703,-9.345505035820923E-6,9.2030507E-13,0.0,108.05124789103866,3.785902254283428,-4.540690567344427,NLOS,
3,46.0,0,-1069864.2214302048,23,23,23,36,19,0.7540000000008149,17890.47702263668,1.9359655791789844E-4,2.1957989E-11,0.0,281.49218610301614,13.215072125196457,28.920372936874628,NLOS,
4,65.0,0,-1129878.6572089233,44,43,44,48,43,0.3470000000015716,18523.903683252633,-6.773094571653178E-6,1.379837E-13,0.0,340.8841291181743,0.28871531412005424,-25.954476792365313,LOS,
9,8.0,0,-1151467.884757962,44,43,44,45,42,0.2809999999990396,17601.254679344594,-7.839912106241632E-5,-1.173171E-11,0.0,581.8113565780222,0.7079906687140465,90.3305338062346,LOS,
73,26.0,0,-1092854.627858024,32,31,31,35,22,0.5169999999998254,18549.297941729426,0.0,0.0,0.0,366.2857791110873,-10.877529554069042,-35019.46115779132,NLOS,
74,49.0,0,-1116915.4358587004,44,43,44,46,33,0.32199999999647844,18418.84756058827,3.671641460996902E-5,1.8189894E-12,0.0,235.8359430246055,-0.45539818331599236,48.651027757674456,LOS,
75,31.0,0,-1270822.8828901276,26,25,26,26,21,0.7260000000023865,17609.298734169453,0.0,0.0,0.0,573.7134284488857,-9.888389084488153,142948.7938743122,LOS,
76,28.0,0,-1130353.0209408253,20,19,19,25,0,1.4099999999998545,18259.558838441968,0.0,0.0,0.0,76.5466758236289,3.811059072613716,2478.931925009936,NLOS,
23,38.0,0,-1153962.349383276,46,45,46,47,40,0.3470000000015716,17772.339219123125,-8.684653471516306E-5,5.3343484E-13,0.0,410.69303830713034,0.6391839794814587,52.3242564201355,LOS,
1,77.0,0,-1148857.881182801,29,28,29,40,19,-0.852999999999156,18104.14474380389,-9.345504115515087E-6,9.2030507E-13,0.0,93.93557735905051,14.115670531988144,-9.62562695145607,NLOS,
3,46.0,0,-1088064.7338488847,29,24,23,36,19,-0.9219999999986612,17899.068169735372,1.9359657987590506E-4,2.1957989E-11,0.0,285.5909459590912,-4.0987598560750484,37.73323056474328,NLOS,
4,65.0,0,-1148071.3702063486,44,43,44,48,43,-0.282999999999447,18533.3567600511,-6.77309443366937E-6,1.379837E-13,0.0,341.63003123924136,0.7459021210670471,-24.94758189842105,LOS,
9,8.0,0,-1169659.9172413833,44,43,44,45,42,-0.42299999999886495,17610.16379450634,-7.839913279413538E-5,-1.173171E-11,0.0,581.5943662151694,0.2169903628528118,90.65335625037551,LOS,
73,26.0,0,-1111331.496108003,32,32,32,35,22,-0.9819999999999709,18556.292170345783,0.0,0.0,0.0,364.58602644875646,-1.6997526623308659,-34734.29905170947,NLOS,
74,49.0,0,-1135104.9217058793,44,43,44,46,33,0.3110000000015134,18429.57630380988,3.671641642895984E-5,1.8189894E-12,0.0,237.8707052282989,2.03476220369339,46.431276354938745,LOS,
75,31.0,0,-1289046.4902189188,26,25,26,26,21,0.5449999999982538,17660.966682486236,0.0,0.0,0.0,530.7394614107907,42.973967038095,142980.69505920634,LOS,
76,28.0,0,-1148544.8299116902,21,20,20,25,0,-1.6700000000018917,18261.792466305196,0.0,0.0,0.0,70.08632240816951,-6.4603534154593945,2479.0347519777715,NLOS,
23,38.0,0,-1172154.6404129937,46,45,46,47,40,-0.4429999999993015,17781.37955563888,-8.684653418172782E-5,5.3343484E-13,0.0,410.3487270735204,0.3443112336099148,52.90930216014385,LOS,
1,77.0,0,-1167046.58183977,30,29,29,40,19,0.47400000000197906,18103.607103381306,-9.345503195209194E-6,9.2030507E-13,0.0,90.10354530438781,3.8320320546627045,-11.431668147444725,NLOS,
3,46.0,0,-1106253.5026413687,29,28,29,36,19,-0.3400000000001455,17898.40135582164,1.9359660183391312E-4,2.1957989E-11,0.0,296.5630510933697,-10.972105134278536,36.00163182616234,NLOS,
4,65.0,0,-1166262.0522610545,44,43,44,48,43,-0.07600000000093132,18532.661688290536,-6.773094295685554E-6,1.379837E-13,0.0,342.1356159038842,0.5055846646428108,-24.772459894418716,LOS,
9,8.0,0,-1187850.3840846345,44,43,44,45,42,-0.06699999999909778,17609.41173153743,-7.83991445258552E-5,-1.173171E-11,0.0,581.1597094759345,0.4346567392349243,90.60970835387707,LOS,
73,26.0,0,-1129073.4408670105,37,32,32,37,22,-0.005999999997584382,18542.78520879522,1.1720224646879505E-4,1.8189894E-12,0.0,35488.62778673321,35124.04176028445,-46.51171476393938,NLOS,
74,49.0,0,-1153294.4991559088,44,43,44,46,33,-0.6039999999993597,18430.34324856475,3.671641824795078E-5,1.8189894E-12,0.0,239.83681982010603,1.966114591807127,45.5022976398468,LOS,
75,32.0,0,-1307219.930734899,26,25,26,26,21,-0.05500000000029104,17611.86160358414,0.0,0.0,0.0,578.6453704796731,-47.905909068882465,142963.62860112265,LOS,
76,28.0,0,-1166739.2720285654,21,20,21,25,0,1.0200000000004366,18264.06099461764,0.0,0.0,0.0,73.55402055382729,3.467698145657778,2482.9698947891593,NLOS,
23,38.0,0,-1190345.343090929,47,46,46,47,40,-0.012000000002444722,17780.65804591775,-8.684653364829252E-5,5.3343484E-13,0.0,409.86642137542367,0.48230569809675217,53.10516595095396,LOS,
1,77.0,0,-1185238.0026296154,30,29,30,40,19,0.011999999998806743,18103.99622824788,-9.345502274903351E-6,9.2030507E-13,0.0,89.99556333944201,0.10798196494579315,-12.316331215202808,NLOS,
3,46.0,0,-1124441.034261778,29,28,29,36,19,1.2639999999992142,17898.704035319388,1.9359662379191987E-4,2.1957989E-11,0.0,299.86346313357353,-3.3004120402038097,31.23410626873374,NLOS,
4,65.0,0,-1184454.309087187,44,43,44,48,43,0.375,18533.055380769074,-6.773094157701746E-6,1.379837E-13,0.0,340.72553646191955,-1.4100794419646263,-24.821321208029985,LOS,
9,8.0,0,-1206043.161257144,44,43,44,45,42,0.19700000000011642,17609.734659828246,-7.839915625757434E-5,-1.173171E-11,0.0,582.6275455467403,-1.467836070805788,91.07763496786356,LOS,
73,26.0,0,-1147276.1688853577,37,36,37,37,22,0.4379999999982829,18555.872192926705,1.1720224828778587E-4,1.8189894E-12,0.0,363.5670094303787,-35125.06077730283,-36.08887991309166,NLOS,
74,49.0,0,-1171486.1721132547,44,43,44,46,33,0.614000000001397,18431.005613729358,3.6716420066941604E-5,1.8189894E-12,0.0,238.7004302367568,-1.136389583349228,44.8700714930892,LOS,
75,32.0,0,-1325413.817267552,26,25,26,26,21,-0.25500000000101863,17632.248621370643,0.0,0.0,0.0,560.0571074448526,18.588263034820557,142965.20940496027,LOS,
76,28.0,0,-1184935.1660552733,22,21,21,25,0,-0.75,18267.184583589435,0.0,0.0,0.0,74.87885477393866,1.32483422011137,2486.558192681521,NLOS,
23,38.0,0,-1208538.292392999,47,46,47,47,40,0.28700000000026193,17781.004942320287,-8.684653311485726E-5,5.3343484E-13,0.0,411.3138199746609,-1.4473985992372036,53.74889912456274,LOS,
1,77.0,0,-1203427.7350242436,30,29,30,40,19,0.21900000000096043,18103.7251278013,-9.345501354597518E-6,9.2030507E-13,0.0,92.13802072405815,-2.1424573846161366,-14.589597042649984,NLOS,
3,46.0,0,-1142629.8038362972,28,27,29,36,19,-0.342000000000553,17898.328235968947,1.9359664574992647E-4,2.1957989E-11,0.0,298.9319404140115,0.9315227195620537,28.00432727485895,NLOS,
4,65.0,0,-1202643.9152052626,44,43,44,48,43,0.36300000000119326,18532.764036260545,-6.773094019717938E-6,1.379837E-13,0.0,337.6441332437098,-3.0814032182097435,-27.221098121255636,LOS,
9,8.0,0,-1224234.7282180674,44,43,44,45,42,0.33799999999973807,17609.390030249953,-7.839916798929338E-5,-1.173171E-11,0.0,582.6723826676607,-0.04483712092041969,90.63514245301485,LOS,
73,26.0,0,-1165469.886763759,37,36,37,37,22,-0.6620000000002619,18545.532752718776,1.172022501067767E-4,1.8189894E-12,0.0,353.5273616835475,-10.039647746831179,-34.37639254704118,NLOS,
74,49.0,0,-1189677.8980590813,44,43,44,46,33,0.29499999999825377,18431.041953913867,3.6716421885932424E-5,1.8189894E-12,0.0,239.03656287491322,0.33613263815641403,44.590626280754805,LOS,
75,32.0,0,-1343599.734127909,26,25,26,26,21,-0.5979999999981374,17623.515591885895,0.0,0.0,0.0,568.4903444722295,-8.43323702737689,142959.12032895908,LOS,
76,28.0,0,-1203127.4367965497,28,22,22,28,0,1.0390000000006694,18262.403223935515,0.0,0.0,0.0,70.39728757739067,-4.481567196547985,2486.82299759984,NLOS,
23,38.0,0,-1226730.7424760833,47,46,47,47,40,0.49799999999959255,17780.69265902415,-8.684653258142201E-5,5.3343484E-13,0.0,411.31869208067656,-0.0048721060156822205,54.193205773830414,LOS,
1,77.0,0,-1221612.6237479597,30,29,30,40,19,-0.10900000000037835,18104.551813408732,-9.345500434291624E-6,9.2030507E-13,0.0,97.35372355207801,-5.215702828019857,-21.706533782184124,NLOS,
3,46.0,0,-1160822.2613720894,28,27,29,36,19,-0.44099999999889405,17899.063204810023,1.9359666770793447E-4,2.1957989E-11,0.0,295.957809638232,2.9741307757794857,28.46250955760479,NLOS,
4,65.0,0,-1220836.191584412,44,43,44,48,43,-0.3550000000032014,18534.08369347453,-6.773093881734122E-6,1.379837E-13,0.0,340.36526127532125,2.7211280316114426,-26.95061396062374,LOS,
9,8.0,0,-1242428.2316825427,44,43,44,45,42,-0.5430000000014843,17610.109670706093,-7.839917972101317E-5,-1.173171E-11,0.0,581.9473533593118,0.7250293083488941,92.12915349379182,LOS,
73,26.0,0,-1183664.7973827831,37,36,37,37,22,0.7050000000017462,18547.67752342671,1.1720225192576762E-4,1.8189894E-12,0.0,355.6721323914826,2.144770707935095,-31.47116455808282,NLOS,
74,49.0,0,-1207870.5282516927,44,43,44,46,33,-0.16999999999825377,18431.03128951043,3.671642370492336E-5,1.8189894E-12,0.0,239.02589847519994,-0.010664399713277817,45.21542785689235,LOS,
75,32.0,0,-1361791.2145545706,26,25,26,26,21,1.0139999999992142,17630.01031043008,0.0,0.0,0.0,561.995625924319,6.494718547910452,142958.59481926635,LOS,
76,28.0,0,-1221318.6386618838,27,26,28,28,0,-0.20900000000256114,18262.507925234735,0.0,0.0,0.0,70.50198888033628,0.10470130294561386,2486.018926579505,NLOS,
23,38.0,0,-1244925.041571673,47,47,47,47,40,-0.6189999999987776,17781.435364350677,-8.684653204798672E-5,5.3343484E-13,0.0,410.5533164180815,0.7653756625950336,56.48652492836118,LOS,
1,77.0,0,-1239807.298369322,30,29,30,40,19,-0.30900000000110595,18103.79538203031,-9.345499513985789E-6,9.2030507E-13,0.0,88.48919795453548,8.864525597542524,-19.037572871893644,NLOS,
3,46.0,0,-1179014.8780015707,28,27,28,36,19,0.0,17898.199751012027,1.9359668960715898E-4,2.1955869E-11,0.0,296.1448867879808,-0.18707714974880219,29.079767905175686,NLOS,
4,65.0,0,-1239032.6428061165,44,43,44,48,43,-0.4179999999978463,18532.79602529481,-6.773093743750315E-6,1.379837E-13,0.0,343.24539870768785,2.8801374323666096,-22.505287248641253,LOS,
9,8.0,0,-1260621.272020422,44,43,44,45,42,-0.3960000000006403,17609.302864465863,-7.839919145273225E-5,-1.173171E-11,0.0,582.7496998645365,-0.8023465052247047,93.16003793478012,LOS,
73,26.0,0,-1201857.6200443543,36,36,37,37,22,-1.059000000001106,18545.2986016497,1.1720225374475845E-4,1.8189894E-12,0.0,353.29321061074734,-2.3789217807352543,-30.653894025832415,NLOS,
74,49.0,0,-1226063.6251187213,44,43,44,46,33,-0.4180000000014843,18430.836016800255,3.671642552391418E-5,1.8189894E-12,0.0,238.83062576502562,-0.19527271017432213,46.3069038502872,LOS,
75,32.0,0,-1379991.996314723,26,25,26,26,21,-0.8479999999981374,17638.274734407663,0.0,0.0,0.0,553.7312019467354,8.264423977583647,142967.37064306438,LOS,
76,28.0,0,-1239507.913728997,27,27,28,28,0,-1.2149999999965075,18260.34409823641,0.0,0.0,0.0,68.33816188201308,-2.163826998323202,2483.2880573384464,NLOS,
23,38.0,0,-1263119.3449456804,48,47,47,48,40,-0.38799999999901047,17780.65188740194,-8.684653151455145E-5,5.3343484E-13,0.0,411.32174172997475,-0.7684253118932247,58.78412249684334,LOS,
1,77.0,0,-1258005.161683537,30,29,30,40,19,0.0020000000004074536,18104.238292422146,-9.34549859367995E-6,9.2030507E-13,0.0,86.37921027094126,2.109987683594227,-13.779504030942917,NLOS,
3,46.0,0,-1197210.0152553283,28,27,28,36,19,-0.23099999999976717,17898.56139048189,1.9359671156304523E-4,2.1955869E-11,0.0,295.01255967095494,1.1323271170258522,31.618082597851753,NLOS,
4,65.0,0,-1257226.9848802313,44,43,44,48,43,0.15399999999863212,18533.257282190025,-6.773093605766508E-6,1.379837E-13,0.0,340.479545135051,-2.7658535726368427,-20.768693037331104,LOS,
9,8.0,0,-1278814.26731107,44,44,44,45,42,0.20900000000256114,17609.66697255522,-7.839920318445134E-5,-1.173171E-11,0.0,582.9656652845442,-0.2159654200077057,93.54629023000598,LOS,
73,26.0,0,-1220049.9952368177,36,35,37,37,22,0.6170000000020082,18544.1440131329,1.1720225556374927E-4,1.8189894E-12,0.0,351.53903718292713,-1.7541734278202057,-30.883677512407303,NLOS,
74,49.0,0,-1244257.1390945502,44,43,44,46,33,0.467000000000553,18431.110440455377,3.6716427342905006E-5,1.8189894E-12,0.0,238.50546450167894,-0.32516126334667206,47.21590372547507,LOS,
75,32.0,0,-1398189.032033749,26,26,26,26,21,0.19900000000052387,17634.722854226828,0.0,0.0,0.0,557.8826670460403,-4.1514650993049145,142971.8008408174,LOS,
76,28.0,0,-1257698.122740414,28,27,27,28,0,1.6599999999998545,18260.79780389741,0.0,0.0,0.0,68.19228262454271,-0.14587925747036934,2480.8915474824607,NLOS,
23,38.0,0,-1281314.0119300783,48,47,48,48,40,0.20999999999912689,17781.04814259708,-8.68465309811162E-5,5.3343484E-13,0.0,411.5193109251559,-0.19756919518113136,60.84574554488063,LOS,
1,77.0,0,-1276200.3657010943,31,30,30,40,19,0.3569999999999709,18103.901483148336,-9.345497673374116E-6,9.2030507E-13,0.0,87.40932303667068,-1.0301127657294273,-11.18073184415698,NLOS,
3,46.0,0,-1215403.5824801065,28,27,28,36,19,0.005999999997584382,17898.13265399635,1.9359673351893142E-4,2.1955869E-11,0.0,295.4604358188808,-0.44787614792585373,32.586368314921856,NLOS,
4,65.0,0,-1275419.311784014,44,43,44,48,43,0.13300000000162981,18532.88789417222,-6.7730934677827005E-6,1.379837E-13,0.0,340.0109280720353,-0.4686170630156994,-21.04726916179061,LOS,
9,8.0,0,-1297005.1846085787,45,44,44,45,42,-0.014000000002852175,17609.232588745654,-7.83992149161704E-5,-1.173171E-11,0.0,583.3957751691341,-0.4301098845899105,91.85454938560724,LOS,
73,26.0,0,-1238239.7412709147,36,35,36,37,22,-0.7650000000030559,18540.868764415383,1.1720225738274009E-4,1.8189894E-12,0.0,348.2637884616852,-3.275248721241951,-33.74261936917901,NLOS,
74,49.0,0,-1262448.7603565082,44,43,44,46,33,-0.11800000000221189,18431.266329921782,3.671642916189582E-5,1.8189894E-12,0.0,238.66135397180915,0.15588947013020515,46.23218973353505,LOS,
75,32.0,0,-1416382.7701665424,27,26,26,27,21,0.046999999998661224,17631.81116385013,0.0,0.0,0.0,560.7943574227393,-2.911690376698971,142972.93345233798,LOS,
76,28.0,0,-1275891.503326822,28,27,28,28,0,-0.21700000000055297,18263.50258764997,0.0,0.0,0.0,70.89706637710333,2.7047837525606155,2481.6666126176715,NLOS,
23,38.0,0,-1299506.2292490304,48,47,48,48,40,0.04499999999825377,17780.637186784297,-8.684653044768095E-5,5.3343484E-13,0.0,411.9345406740904,-0.41522974893450737,60.45770314335823,LOS,
1,77.0,0,-1294396.1701646522,31,30,31,40,19,1.0240000000012515,18104.65134695545,-9.345496753068224E-6,9.2030507E-13,0.0,86.86497876048088,0.5443442761898041,-7.981513656675816,NLOS,
3,46.0,0,-1233598.0284494348,27,26,28,36,19,0.7250000000021828,17898.772942878306,1.9359675547481891E-4,2.1955869E-11,0.0,294.2955696210265,1.1648661978542805,34.43339857831597,NLOS,
4,65.0,0,-1293612.9333654046,44,43,44,48,43,0.8669999999983702,18533.63508125022,-6.7730933297988845E-6,1.379837E-13,0.0,340.8415493629873,0.8306212909519672,-20.031167674809694,LOS,
9,8.0,0,-1315197.9450667538,45,44,45,45,42,0.7970000000022992,17609.905363928527,-7.839922664789017E-5,-1.173171E-11,0.0,582.7244865521789,0.6712886169552803,92.00596920773387,LOS,
73,26.0,0,-1256429.3301207647,35,30,36,37,22,1.3100000000013097,18541.75454699993,1.1720225920173102E-4,1.8189894E-12,0.0,349.1495710462332,0.8857825845479965,-36.75874547287822,NLOS,
74,49.0,0,-1280640.7093009017,43,42,44,46,33,1.1330000000016298,18431.104321394116,3.6716430980886754E-5,1.8189894E-12,0.0,238.49934544041753,-0.16200853139162064,45.57615817338228,LOS,
75,32.0,0,-1434564.2601118498,27,26,27,27,21,1.3729999999995925,17619.25686315447,0.0,0.0,0.0,573.348658118397,-12.55430069565773,142961.8178763725,LOS,
76,28.0,0,-1294086.5406465717,28,27,28,28,0,-0.06000000000130967,18266.10267008841,0.0,0.0,0.0,73.49714881554246,2.600082438439131,2484.0984110943973,NLOS,
23,38.0,0,-1317700.0644579418,48,47,48,48,40,0.809000000001106,17781.33920602128,-8.684652991424566E-5,5.3343484E-13,0.0,411.22378773614764,0.7107529379427433,61.68755070492625,LOS,
1,77.0,0,-1312590.5726953857,31,30,31,40,19,-0.7640000000028522,18104.841187831014,-9.345495832762392E-6,9.2030507E-13,0.0,86.63760199025273,0.2273767702281475,-6.184228293597698,NLOS,
3,46.0,0,-1251791.3804933205,27,26,28,36,19,-1.02900000000227,17898.896217677742,1.9359677743070503E-4,2.1955869E-11,0.0,294.2674364633858,0.028133157640695572,35.186503402888775,NLOS,
4,65.0,0,-1311805.1948629431,44,43,44,48,43,-0.592000000000553,18533.821043405682,-6.773093191815077E-6,1.379837E-13,0.0,341.02769723534584,0.18614787235856056,-20.37515004351735,LOS,
9,8.0,0,-1333389.179985512,45,44,45,45,42,-0.6389999999992142,17610.028300751,-7.839923837960919E-5,-1.173171E-11,0.0,582.6015497669578,0.12293678522109985,90.63184961304069,LOS,
73,26.0,0,-1274620.3364411108,31,30,36,37,22,-0.10499999999956344,18542.525285821408,1.1720226102072184E-4,1.8189894E-12,0.0,349.92030987143517,0.7707388252019882,-38.357401076704264,NLOS,
74,49.0,0,-1298828.695582755,43,42,44,46,33,-0.2459999999991851,18429.190901584923,3.671643279987756E-5,1.8189894E-12,0.0,236.5859256312251,-1.913419809192419,40.95746407285333,LOS,
75,32.0,0,-1452763.3508931138,27,26,27,27,21,-1.092000000000553,17637.397218242288,0.0,0.0,0.0,555.208303026855,18.140355091542006,142968.30313636735,LOS,
76,28.0,0,-1312276.699313838,28,27,28,28,0,1.087999999999738,18260.919955424964,0.0,0.0,0.0,68.3144341558218,-5.182714659720659,2481.6515570916235,NLOS,
23,38.0,0,-1335892.0113938823,48,47,48,48,40,-0.5629999999982829,17781.491427805275,-8.68465293808104E-5,5.3343484E-13,0.0,411.07732650637627,0.14646122977137566,61.02912529185414,LOS,
1,77.0,0,-1330785.5609199852,32,31,31,40,19,0.05100000000311411,18104.28519816324,-9.345494912456557E-6,9.2030507E-13,0.0,86.3989539258182,0.23864806443452835,-3.50145660713315,NLOS,
3,46.0,0,-1269984.6649241485,27,26,27,36,19,0.3320000000021537,17898.27484538406,1.9359679938659124E-4,2.1955869E-11,0.0,294.56337240338326,-0.2959359399974346,36.17178762704134,NLOS,
4,65.0,0,-1329997.5517684594,44,43,44,48,43,0.04500000000189175,18533.248925011605,-6.77309305383127E-6,1.379837E-13,0.0,340.8008977845311,-0.22679945081472397,-20.323931973427534,LOS,
9,8.0,0,-1351580.5584068745,45,44,45,45,42,-0.08000000000174623,17609.387999914587,-7.839925011132825E-5,-1.173171E-11,0.0,582.9336961098015,-0.332146342843771,89.70102507993579,LOS,
73,26.0,0,-1292806.905281905,31,30,35,37,22,-0.8319999999985157,18538.41848617792,1.1720226283971265E-4,1.8189894E-12,0.0,346.1133026815951,-3.8070071898400784,-44.0937437787652,NLOS,
74,49.0,0,-1317017.599886842,43,42,43,46,33,-0.5940000000009604,18429.320256844163,3.6716434618868386E-5,1.8189894E-12,0.0,237.01507335156202,0.42914772033691406,37.55658466741443,LOS,
75,32.0,0,-1470973.2281590626,27,26,27,27,21,0.028000000002066372,17648.13090722263,0.0,0.0,0.0,544.1748215928674,11.033481433987617,142985.87467350066,LOS,
76,28.0,0,-1330473.1777773686,28,27,28,28,0,-0.8009999999994761,18267.70809012279,0.0,0.0,0.0,75.40236130729318,7.087927151471376,2485.824291806668,NLOS,
23,38.0,0,-1354084.2815217264,48,47,48,48,40,-0.04400000000168802,17780.87623640895,-8.684652884737514E-5,5.3343484E-13,0.0,411.3825051821768,-0.3051786758005619,60.993684243410826,LOS,
1,77.0,0,-1348978.5301385894,32,31,32,40,19,0.7069999999985157,18104.796974889934,-9.345493992150721E-6,9.2030507E-13,0.0,86.38196143135428,0.016992494463920593,-2.5378984585404396,NLOS,
3,46.0,0,-1288177.4668814316,28,27,27,36,19,0.35099999999874854,17898.6593599841,1.9359682134247746E-4,2.1955869E-11,0.0,293.54439889639616,1.0189735069870949,36.974390760064125,NLOS,
4,65.0,0,-1348188.8132560216,44,43,44,48,43,0.7109999999993306,18533.74212783575,-6.773092915847462E-6,1.379837E-13,0.0,341.6589308679104,0.8580330833792686,-21.06833939999342,LOS,
9,8.0,0,-1369772.3602402695,45,44,45,45,42,0.6389999999992142,17609.819487921894,-7.839926184304733E-5,-1.173171E-11,0.0,582.2018581517041,0.7318379580974579,89.49340504035354,LOS,
73,26.0,0,-1310992.0827282146,30,29,31,37,22,0.5149999999994179,18538.039923802018,1.1720226465870347E-4,1.8189894E-12,0.0,346.0345327667892,-0.07876991480588913,-50.92168850451708,NLOS,
74,49.0,0,-1335205.219670225,43,42,43,46,33,0.9710000000013679,18429.310939040035,3.6716436437859206E-5,1.8189894E-12,0.0,237.30554800480604,0.29047465324401855,33.170977015048265,LOS,
75,32.0,0,-1489161.83616703,28,27,27,28,21,0.7519999999967695,17627.98595539853,0.0,0.0,0.0,564.019980955869,-19.845159363001585,142982.47674511373,LOS,
76,28.0,0,-1348661.908050228,28,27,28,28,0,1.022000000000844,18261.146808255464,0.0,0.0,0.0,69.14087190106511,-6.2614894062280655,2482.5486283116043,NLOS,
23,38.0,0,-1372276.1084875911,48,47,48,48,40,0.7030000000013388,17781.334100905806,-8.684652831393989E-5,5.3343484E-13,0.0,410.6123980842531,0.7701070979237556,60.8148736692965,LOS,
1,77.0,0,-1367171.8801176623,33,32,32,40,19,0.3499999999985448,18105.430150609463,-9.34549307184483E-6,9.2030507E-13,0.0,86.29553623870015,0.08642519265413284,-1.4933722987771034,NLOS,
3,46.0,0,-1306371.3571360558,28,27,28,36,19,0.5309999999990396,17899.23250094056,1.9359684329836498E-4,2.1955869E-11,0.0,292.81374099105597,0.7306579053401947,38.565498780459166,NLOS,
4,65.0,0,-1366380.7340197228,44,43,44,48,43,0.3889999999992142,18534.377531789243,-6.773092777863647E-6,1.379837E-13,0.0,342.01163797825575,0.3527071103453636,-21.453263148665428,LOS,
9,8.0,0,-1387963.0484554507,45,44,45,45,42,0.4000000000014552,17610.383237026632,-7.83992735747671E-5,-1.173171E-11,0.0,581.9423612579703,0.25949689373373985,87.87237432599068,LOS,
73,26.0,0,-1329181.9584228434,29,29,31,37,22,1.025999999998021,18541.08289768547,1.1720226647769441E-4,1.8189894E-12,0.0,348.7777141928673,2.743181426078081,-53.351177368313074,NLOS,
74,49.0,0,-1353394.7322709225,42,39,43,46,33,0.5019999999967695,18432.134429294616,3.6716438256850134E-5,1.8189894E-12,0.0,239.82924579828978,2.523697793483734,30.378394216299057,LOS,
75,32.0,0,-1507348.0790125094,28,27,28,28,21,0.6990000000005239,17624.976742196828,0.0,0.0,0.0,567.3289866186678,-3.3090056627988815,142976.41386177763,LOS,
76,28.0,0,-1366855.1021718606,28,27,28,28,0,0.8489999999983411,18264.11334526539,0.0,0.0,0.0,71.80761644989252,2.6667445488274097,2483.4370211288333,NLOS,
23,38.0,0,-1390467.3377639316,48,47,48,48,40,0.31199999999807915,17781.922430939972,-8.68465277805046E-5,5.3343484E-13,0.0,410.3290635496378,0.28333453461527824,59.738581117242575,LOS,
1,77.0,0,-1378143.4259468578,33,32,33,40,19,1.0210000000006403,10918.688385557383,-9.345492516866937E-6,9.2030507E-13,0.0,51.73349592089653,34.56204031780362,-0.8523772358894348,NLOS,
3,46.0,0,-1317343.6084315851,28,27,28,36,19,0.8990000000012515,10794.267207343131,1.9359685653856293E-4,2.1955869E-11,0.0,176.30603258311749,116.50770840793848,39.9157631136477,NLOS,
4,65.0,0,-1377350.980744347,44,43,44,48,43,1.0159999999996217,11177.32644956559,-6.773092694654392E-6,1.379837E-13,0.0,206.42444722354412,-135.58719075471163,-22.11151408776641,LOS,
9,8.0,0,-1398933.7409476973,45,44,45,45,42,1.0020000000004075,10620.077930103987,-7.83992806494204E-5,-1.173171E-11,0.0,350.83792497962713,231.1044362783432,87.65774513408542,LOS,
73,26.0,0,-1340146.7891389132,29,23,30,37,22,-0.13699999999880674,11177.459817942232,1.1720226757461202E-4,1.8189894E-12,0.0,206.55514627695084,-142.22256791591644,-59.42513296380639,NLOS,
74,49.0,0,-1364364.4299007282,39,38,43,46,33,0.9040000000022701,11115.82346028462,3.671643935376776E-5,1.8189894E-12,0.0,144.91878862306476,-94.91045717522502,29.171352360397577,LOS,
75,32.0,0,-1518324.5135118254,28,27,28,28,21,0.6210000000028231,10638.94939352572,0.0,0.0,0.0,331.9556069858372,235.37337963283062,142981.943360582,LOS,
76,28.0,0,-1377828.6698036045,28,27,28,28,0,-0.14199999999982538,11017.310141384602,0.0,0.0,0.0,46.40514087304473,-25.40247557684779,2486.0996523611248,NLOS,
23,38.0,0,-1401438.0493861288,48,47,48,48,40,1.0670000000027358,10723.554024528712,-8.684652745882373E-5,5.3343484E-13,0.0,247.3131575062871,163.0159060433507,59.545299243181944,LOS,
1,77.0,2,-1396337.6609949805,33,32,33,40,19,-0.5390000000006694,18106.024606395513,-9.345491596561838E-6,9.2030507E-13,0.0,85.86856744810939,-34.13507152721286,0.7774255163967609,NLOS,
3,46.0,2,-1335537.4783468395,28,28,28,36,19,-0.4710000000013679,17899.670993618667,1.9359687849443159E-4,2.1955869E-11,0.0,292.56893641874194,-116.26290383562446,41.186739299446344,NLOS,
4,65.0,2,-1395544.4676547386,44,43,44,48,43,-0.6099999999969441,18534.957299690694,-6.773092556670695E-6,1.379837E-13,0.0,342.30722242593765,135.88277520239353,-21.230083599686623,LOS,
9,8.0,2,-1417127.2448411807,45,44,45,45,42,-0.7139999999999418,17610.844169981778,-7.839929238113008E-5,-1.173171E-11,0.0,581.7810349650681,-230.94310998544097,88.55260026827455,LOS,
73,26.0,0,-1358317.7609971613,23,22,29,37,22,-1.7360000000007858,18524.2615695931,1.172022693936014E-4,1.8189894E-12,0.0,331.6565936431289,125.10144736617804,-81.05825066566467,NLOS,
74,49.0,0,-1382554.5522524193,38,37,42,46,33,-0.33799999999973807,18431.70066562295,3.6716441172757125E-5,1.8189894E-12,0.0,239.09568966925144,94.17690104618669,26.688728097826242,LOS,
75,32.0,0,-1536497.915975891,28,28,28,28,21,-0.3580000000001746,17611.79518211633,0.0,0.0,0.0,580.810339152813,-248.85473216697574,142962.74030337855,LOS,
76,28.0,0,-1396019.0857819654,28,27,28,28,0,0.18100000000049477,18263.485137425363,0.0,0.0,0.0,70.87961615622044,24.474475283175707,2483.9101094529033,NLOS,
23,38.0,2,-1419631.6065651588,48,47,48,48,40,-0.7129999999997381,17782.4304398261,-8.68465269253889E-5,5.3343484E-13,0.0,410.1362704485655,-162.82311294227839,60.497116919606924,LOS,
1,77.0,2,-1414531.7063115165,34,33,33,40,19,-0.282999999999447,18105.740462761372,-9.345490676256732E-6,9.2030507E-13,0.0,86.8461971282959,-0.9776296801865101,1.3181193061172962,NLOS,
3,46.0,2,-1353731.0530348085,29,28,28,36,19,-0.37899999999717693,17899.293305777013,1.9359690045030038E-4,2.1955869E-11,0.0,293.7413834184408,-1.1724469996988773,41.26311082392931,NLOS,
4,65.0,2,-1413737.576432161,44,43,44,48,43,-0.3100000000013097,18534.64787694812,-6.773092418686997E-6,1.379837E-13,0.0,341.12982627749443,-1.177396148443222,-21.626163460314274,LOS,
9,8.0,2,-1435320.3491460197,45,45,45,45,42,-0.36200000000098953,17610.482226654887,-7.839930411283984E-5,-1.173171E-11,0.0,583.0470012240112,-1.265966258943081,88.14848938211799,LOS,
73,26.0,0,-1376502.2160232328,22,21,29,37,21,0.7070000000021537,18537.749220278114,1.1720227121259078E-4,1.8189894E-12,0.0,344.2448669485748,12.58827330544591,-90.10757792368531,NLOS,
74,49.0,0,-1400741.4115162082,38,37,39,46,33,-0.2930000000014843,18428.593918003142,3.67164429917465E-5,1.8189894E-12,0.0,235.08956467732787,-4.006124991923571,20.043638560920954,LOS,
75,32.0,0,-1554697.398063127,29,28,28,29,21,-0.18500000000130967,17637.96908139065,0.0,0.0,0.0,555.53581725806,25.27452189475298,142968.71749196574,LOS,
76,28.0,0,-1414208.76897021,27,26,28,28,0,-0.282999999999447,18262.909280247986,0.0,0.0,0.0,69.40438159927726,-1.4752345569431782,2480.0883990488946,NLOS,
23,38.0,2,-1437824.7621823698,48,47,48,48,40,-0.3400000000001455,17782.090384587646,-8.684652639195406E-5,5.3343484E-13,0.0,411.377189617604,-1.2409191690385342,60.14799540489912,LOS,
1,77.0,2,-1432726.6007738076,34,33,34,40,19,0.8840000000018335,18106.62620908767,-9.34548975595163E-6,9.2030507E-13,0.0,85.88556419312954,0.960632935166359,2.7079588510096073,NLOS,
3,46.0,2,-1371925.236568112,29,28,29,36,19,0.8009999999994761,17900.093413937837,1.9359692240616903E-4,2.1955869E-11,0.0,293.110373288393,0.6310101300477982,41.94832768663764,NLOS,
4,65.0,0,-1431932.6738060191,44,43,44,48,43,0.9019999999982247,18535.55065561831,-6.7730922807032995E-6,1.379837E-13,0.0,343.21852219849825,2.0886959210038185,-20.033646877855062,LOS,
9,8.0,2,-1453514.2272570655,46,45,45,46,42,0.8110000000015134,17611.293319571763,-7.839931584454955E-5,-1.173171E-11,0.0,582.2401821948588,0.8068190291523933,88.51818470284343,LOS,
73,26.0,0,-1394694.926569339,22,21,23,37,21,1.981999999999971,18546.009221661836,1.1720227303158014E-4,1.8189894E-12,0.0,352.5048683360219,8.260001387447119,-90.90138514339924,NLOS,
74,49.0,0,-1418932.0774756223,38,37,38,46,33,1.4870000000009895,18432.55693607405,3.671644481073587E-5,1.8189894E-12,0.0,239.05258274823427,3.9630180709064007,17.20524464920163,LOS,
75,32.0,0,-1572887.5738212392,29,28,29,29,21,2.13300000000163,17628.757038995624,0.0,0.0,0.0,564.7478596493602,-9.212042391300201,142965.38835143298,LOS,
76,28.0,0,-1432394.0897539519,21,20,28,28,0,1.3179999999993015,18258.703777767718,0.0,0.0,0.0,65.19887912273407,-4.205502476543188,2471.904284145683,NLOS,
23,38.0,2,-1456018.701282341,48,47,48,48,40,0.841999999996915,17782.932592861354,-8.684652585851925E-5,5.3343484E-13,0.0,410.5336805321276,0.8435090854763985,60.58235665038228,LOS,
1,77.0,2,-1450920.3177120201,34,33,34,40,19,-0.8389999999999418,18105.785767566413,-9.34548883564653E-6,9.2030507E-13,0.0,86.65180201083422,-0.7662378177046776,3.220066774636507,NLOS,
3,46.0,2,-1390118.3508205041,30,29,29,36,19,-0.9279999999998836,17899.166157159954,1.935969443620377E-4,2.1955869E-11,0.0,293.857694093138,-0.7473208047449589,41.86405609548092,NLOS,
4,65.0,0,-1450126.3244107738,44,43,44,48,43,-0.933999999997468,18534.61557257548,-6.773092142719602E-6,1.379837E-13,0.0,342.17163525149226,-1.0468869470059872,-19.58810694515705,LOS,
9,8.0,2,-1471707.1542544924,46,45,46,46,42,-0.9220000000022992,17610.370949517936,-7.839932757625923E-5,-1.173171E-11,0.0,582.858485929668,-0.6183037348091602,88.2365588657558,LOS,
73,26.0,0,-1412900.005807642,23,22,22,37,21,-1.228000000002794,18558.382398780435,1.172022748505695E-4,1.8189894E-12,0.0,365.17783791199327,12.672969575971365,-79.0267077088356,NLOS,
74,49.0,0,-1437122.3094515689,38,37,38,46,33,-1.8070000000006985,18432.27926068008,3.6716446629725234E-5,1.8189894E-12,0.0,239.0746998116374,0.022117063403129578,14.232659727334976,LOS,
75,32.0,0,-1591087.207337588,29,28,29,29,21,-3.07300000000032,17638.309086490422,0.0,0.0,0.0,554.8960196971893,9.851839952170849,142971.81676159427,LOS,
76,28.0,0,-1450581.8188474774,21,20,27,28,0,0.20300000000133878,18261.268959779292,0.0,0.0,0.0,68.06385359168053,2.864974468946457,2466.42827148363,NLOS,
23,38.0,2,-1474211.685231749,48,47,48,48,40,-0.8949999999967986,17782.037469021976,-8.684652532508442E-5,5.3343484E-13,0.0,411.1290119960904,-0.5953314639627934,60.36135978996754,LOS,
1,77.0,2,-1469113.9651263244,35,34,34,40,19,0.2969999999986612,18106.073395926505,-9.345487915341372E-6,9.2030507E-13,0.0,86.60983072593808,0.04197128489613533,3.6626507937908173,NLOS,
3,46.0,2,-1408311.934001457,30,29,30,36,19,0.19700000000011642,17899.354161337018,1.9359696631790772E-4,2.1955869E-11,0.0,293.3666126579046,0.49108143523335457,42.248713064938784,NLOS,
4,65.0,0,-1468319.4892337248,44,43,44,48,43,0.19399999999950523,18534.800736736506,-6.773092004735897E-6,1.379837E-13,0.0,341.78595388680696,-0.385681364685297,-19.62834881618619,LOS,
9,8.0,2,-1489900.2551678307,46,45,46,46,42,0.21900000000096043,17610.579153161496,-7.839933930796967E-5,-1.173171E-11,0.0,582.6515830010176,0.20690292865037918,88.12884893640876,LOS,
73,26.0,0,-1431103.289075479,30,23,23,37,21,0.1320000000014261,18556.590938061476,1.1720227666955899E-4,1.8189894E-12,0.0,363.3863771930337,-1.79146071895957,-68.94800074025989,NLOS,
74,49.0,0,-1455312.544320643,38,37,38,46,33,0.9039999999986321,18432.438462059945,3.671644844871472E-5,1.8189894E-12,0.0,239.2339011915028,0.15920137986540794,11.262967932969332,LOS,
75,32.0,0,-1609277.4120634645,29,28,29,29,21,0.8769999999967695,17628.974554106593,0.0,0.0,0.0,564.2305520810187,-9.334532383829355,142968.8163812831,LOS,
76,28.0,0,-1468781.815649137,21,21,21,28,0,-1.1300000000010186,18273.693514805287,0.0,0.0,0.0,80.4884086176753,12.424555025994778,2473.219966955483,NLOS,
23,38.0,2,-1492404.853439469,48,47,48,48,40,0.24399999999877764,17782.27206679806,-8.684652479164955E-5,5.3343484E-13,0.0,410.88475140184164,0.24426059424877167,60.32462124153972,LOS,
1,77.0,2,-1487306.6726218835,35,34,35,40,19,-0.9279999999998836,18105.15560977906,-9.34548699503627E-6,9.2030507E-13,0.0,87.13844403252006,-0.528613306581974,3.465108521282673,NLOS,
3,46.0,2,-1426504.6362824552,30,29,30,36,19,-1.0,17898.36184913665,1.935969882737764E-4,2.1955869E-11,0.0,293.9255266748369,-0.5589140169322491,42.05226253718138,NLOS,
4,65.0,2,-1486511.7781539634,44,43,44,48,43,-0.7849999999998545,18534.023765951395,-6.773091866752199E-6,1.379837E-13,0.0,341.3098903335631,-0.4760635532438755,-20.2447009421885,LOS,
9,8.0,2,-1508092.3224954493,46,45,46,46,42,-1.004000000000815,17609.585323575884,-7.839935103967937E-5,-1.173171E-11,0.0,583.3523098006845,-0.7007267996668816,87.28734574839473,LOS,
73,26.0,0,-1449306.704131879,31,30,30,37,21,-1.9389999999984866,18556.727194540203,1.1720227848854835E-4,1.8189894E-12,0.0,363.8224261291325,0.436048936098814,-58.437712751328945,NLOS,
74,49.0,0,-1473502.8786954135,37,37,38,46,33,-1.4859999999971478,18432.694230470806,3.671645026770409E-5,1.8189894E-12,0.0,239.78946205973625,0.5555608682334423,8.692574292421341,LOS,
75,32.0,0,-1627469.7746230513,29,28,29,29,21,-1.4759999999987485,17631.226720638573,0.0,0.0,0.0,561.6785930916667,2.551958989351988,142968.27362713963,LOS,
76,28.0,0,-1486968.58543,22,21,21,28,0,-3.485000000000582,18260.623301725835,0.0,0.0,0.0,67.71798799559474,-12.770420622080564,2467.0844340883195,NLOS,
23,38.0,2,-1510597.0143214352,48,47,48,48,40,-0.9720000000015716,17781.308072440326,-8.684652425821471E-5,5.3343484E-13,0.0,411.5322293229401,-0.6474779210984707,59.580349396914244,LOS,
1,77.0,2,-1505499.1251395121,35,35,35,40,19,-0.13100000000122236,18105.02385269478,-9.345486074731166E-6,9.2030507E-13,0.0,86.6823227852583,0.4561212472617626,3.6121732369065285,NLOS,
3,46.0,2,-1444697.2000133619,30,29,30,36,19,-0.2319999999999709,17898.130824238062,1.935970102296452E-4,2.1955869E-11,0.0,293.4423134364188,0.48321323841810226,42.31684683263302,NLOS,
4,65.0,2,-1504703.9268664308,44,44,44,48,43,-0.1430000000000291,18533.881041958928,-6.773091728768501E-6,1.379837E-13,0.0,341.86932522058487,0.55943488702178,-20.401675920933485,LOS,
9,8.0,2,-1526284.1559769846,46,45,46,46,42,-0.20899999999892316,17609.37707998976,-7.839936277138913E-5,-1.173171E-11,0.0,582.9535355046391,0.39877429604530334,86.81158139184117,LOS,
73,26.0,0,-1467501.1849879175,31,30,31,37,21,0.40199999999822467,18547.797487240285,1.1720228030753773E-4,1.8189894E-12,0.0,355.49230374768376,-8.330122381448746,-56.262040205299854,NLOS,
74,49.0,0,-1491692.4980099946,37,37,38,46,33,0.2749999999978172,18432.13543337211,3.6716452086693465E-5,1.8189894E-12,0.0,239.83024987578392,0.04078781604766846,6.00670537725091,LOS,
75,32.0,0,-1645664.6540974602,29,28,29,29,21,0.6090000000003783,17633.837936632335,0.0,0.0,0.0,558.4677921831608,3.2108009085059166,142970.84737273306,LOS,
76,28.0,0,-1505155.6870344207,22,21,22,28,0,1.7479999999995925,18261.111907813698,0.0,0.0,0.0,68.80617899820209,1.0881910026073456,2461.8803096935153,NLOS,
23,38.0,2,-1528788.9434016384,48,47,48,48,40,-0.18799999999828287,17781.121063720435,-8.684652372477988E-5,5.3343484E-13,0.0,411.10441560298204,0.42781371995806694,59.20386070385575,LOS,
1,77.0,2,-1523691.713265691,36,35,35,40,19,0.20300000000133878,18105.22750025615,-9.34548515442606E-6,9.2030507E-13,0.0,86.13540034741163,0.5469224378466606,4.1946389600634575,NLOS,
3,46.0,2,-1462889.832079284,30,30,30,36,19,0.11299999999755528,17898.243455495685,1.9359703218551396E-4,2.1955869E-11,0.0,293.0520026758313,0.39031076058745384,42.94955860078335,NLOS,
4,65.0,2,-1522895.957979139,44,44,44,48,43,0.18599999999787542,18534.06807797402,-6.773091590784804E-6,1.379837E-13,0.0,342.15156346932054,0.2822382487356663,-20.376458205282688,LOS,
9,8.0,2,-1544476.0816658475,46,45,46,46,42,0.11899999999877764,17609.495270058513,-7.839937450309888E-5,-1.173171E-11,0.0,582.5284917205572,0.4250437840819359,86.72781682014465,LOS,
73,26.0,0,-1485696.6140833907,32,31,31,37,21,0.17599999999947613,18548.750220879912,1.172022821265271E-4,1.8189894E-12,0.0,356.7448298409581,1.252526093274355,-52.838335771113634,NLOS,
74,49.0,0,-1509884.5301908217,37,37,37,46,33,0.6680000000014843,18434.704546604306,3.671645390568284E-5,1.8189894E-12,0.0,242.69915556907654,2.868905693292618,6.033495169132948,LOS,
75,32.0,0,-1663853.4069573209,29,28,29,29,21,0.3280000000013388,17627.805629771203,0.0,0.0,0.0,564.2003065831959,-5.732514400035143,142967.59429623932,LOS,
76,28.0,0,-1523359.6807491854,23,22,22,28,0,1.805000000000291,18278.160770554096,0.0,0.0,0.0,86.15483419969678,17.348655201494694,2473.868088103831,NLOS,
23,38.0,2,-1546980.979573816,48,47,48,48,40,0.15099999999802094,17781.271465308964,-8.684652319134505E-5,5.3343484E-13,0.0,410.6374975182116,0.46691808477044106,59.23425644636154,LOS,
1,77.0,2,-1541884.5823195316,36,35,36,40,19,0.39500000000043656,18105.612704001367,-9.3454842341209E-6,9.2030507E-13,0.0,86.04274199157953,0.09265835583209991,4.758239887654781,NLOS,
3,46.0,2,-1481082.6548623368,30,30,30,36,19,0.3110000000015134,17898.543864786625,1.9359705414138408E-4,2.1955869E-11,0.0,293.1389083378017,-0.08690566197037697,43.47319504618645,NLOS,
4,65.0,2,-1541088.3249788582,45,44,44,48,43,0.39400000000023283,18534.45180386305,-6.773091452801097E-6,1.379837E-13,0.0,342.2877129204571,0.13614945113658905,-20.315145932137966,LOS,
9,8.0,2,-1562668.2770561539,46,45,46,46,42,0.32400000000052387,17609.810437504202,-7.839938623480936E-5,-1.173171E-11,0.0,582.5255668647587,0.002924855798482895,86.61396123468876,LOS,
73,26.0,0,-1503892.6777497418,32,31,32,37,21,0.01599999999962165,18549.3893093504,1.172022839455166E-4,1.8189894E-12,0.0,357.08412585780025,0.33929601684212685,-49.07985291257501,NLOS,
74,49.0,0,-1528076.929025326,37,37,37,46,33,0.029999999998835847,18435.227446440607,3.6716455724672326E-5,1.8189894E-12,0.0,242.9222629442811,0.22310737520456314,6.127146176993847,LOS,
75,32.0,0,-1682042.1083049402,29,28,29,29,21,0.44399999999950523,17627.84839645028,0.0,0.0,0.0,564.4573323652148,-0.2570257820188999,142963.98991504312,LOS,
76,28.0,0,-1541557.322909668,23,22,23,28,0,0.809000000001106,18271.96594324708,0.0,0.0,0.0,79.66021443158388,-6.494619768112898,2479.2045197710395,NLOS,
23,38.0,2,-1565173.3127750605,48,48,48,48,40,0.3510000000023865,17781.614382728934,-8.684652265791017E-5,5.3343484E-13,0.0,410.580250043422,0.057247474789619446,59.261888798326254,LOS,
1,77.0,2,-1560077.5622855574,36,35,36,40,19,0.2890000000006694,18105.910786587745,-9.345483313815794E-6,9.2030507E-13,0.0,85.8202891126275,0.22245287895202637,5.432753000408411,NLOS,
3,46.0,2,-1499275.8572111502,31,30,30,36,19,0.18699999999807915,17898.74086377397,1.9359707609725284E-4,2.1955869E-11,0.0,292.7371328137815,0.401775524020195,44.376397248357534,NLOS,
4,65.0,2,-1559280.904843919,45,44,45,48,43,0.2680000000000291,18534.728992953897,-6.7730913148173995E-6,1.379837E-13,0.0,342.60057988390326,0.3128669634461403,-20.0409683175385,LOS,
9,8.0,2,-1580860.657192707,46,45,46,46,42,0.20100000000093132,17610.02084509656,-7.83993979665191E-5,-1.173171E-11,0.0,582.3077263608575,0.2178405039012432,86.6848518922925,LOS,
73,26.0,0,-1522088.8817829862,32,32,32,37,21,0.4570000000021537,18549.534152582288,1.1720228576450598E-4,1.8189894E-12,0.0,357.2289690859616,0.144843228161335,-45.1810031645,NLOS,
74,49.0,0,-1546270.046141576,37,37,37,46,33,0.5640000000021246,18436.10192907974,3.67164575436617E-5,1.8189894E-12,0.0,243.79674558714032,0.8744826428592205,6.939078934490681,LOS,
75,32.0,0,-1700249.51657328,29,28,29,29,21,0.30199999999967986,17646.649669963866,0.0,0.0,0.0,545.6560588479042,18.80127351731062,142979.09245457128,LOS,
76,28.0,0,-1559750.725031212,24,23,23,28,0,-1.1640000000006694,18267.88259230554,0.0,0.0,0.0,75.57686349377036,-4.08335093781352,2480.300912503153,NLOS,
23,38.0,2,-1583365.8295281492,48,48,48,48,40,0.22899999999935972,17781.851865593344,-8.684652212447534E-5,5.3343484E-13,0.0,410.33663503080606,0.2436150126159191,59.47307299077511,LOS,
1,77.0,2,-1578270.4917026684,36,35,36,40,19,0.1319999999977881,18106.04294994846,-9.34548239351069E-6,9.2030507E-13,0.0,86.05908823758364,-0.23879912495613098,5.756924740970135,NLOS,
3,46.0,2,-1517469.1041496359,31,30,31,36,19,0.05700000000069849,17898.798543907702,1.935970980531216E-4,2.1955869E-11,0.0,292.9701398797333,-0.2330070659518242,45.024396665394306,NLOS,
4,65.0,2,-1577473.518990025,45,44,45,48,43,0.13000000000101863,18534.85975478962,-6.773091176833701E-6,1.379837E-13,0.0,342.4350798763335,-0.1655000075697899,-20.032302118837833,LOS,
9,8.0,2,-1599053.0722605102,46,45,46,46,42,0.06499999999869033,17610.085868451744,-7.839940969822885E-5,-1.173171E-11,0.0,582.5395222902298,-0.23179592937231064,86.49088134616613,LOS,
73,26.0,0,-1540281.673790995,33,32,32,37,21,0.08899999999994179,18546.126627560705,1.1720228758349534E-4,1.8189894E-12,0.0,353.5216516070068,-3.707317478954792,-44.99397110939026,NLOS,
74,49.0,0,-1564461.1932338178,38,37,37,46,33,0.21299999999973807,18434.288105431944,3.671645936265108E-5,1.8189894E-12,0.0,241.68312947824597,-2.113616108894348,5.481195222586393,LOS,
75,32.0,0,-1718420.5109562688,29,28,29,29,21,-0.4470000000001164,17610.33010790497,0.0,0.0,0.0,582.2754133678973,-36.61935451999307,142957.48131628707,LOS,
76,28.0,0,-1577942.7315245308,24,23,24,28,0,1.0190000000002328,18266.643626838923,0.0,0.0,0.0,74.03810556605458,-1.5387579277157784,2479.701884549111,NLOS,
23,38.0,2,-1601558.3816638254,48,48,48,48,40,0.09100000000034925,17781.942828204483,-8.684652159104052E-5,5.3343484E-13,0.0,410.54100512340665,-0.20437009260058403,59.41984731703997,LOS,
1,77.0,2,-1596463.6078888737,36,35,36,40,19,0.342000000000553,18106.38586553186,-9.345481473205586E-6,9.2030507E-13,0.0,85.76077004149556,0.29831819608807564,6.26786557585001,NLOS,
3,46.0,2,-1535662.544926364,31,30,31,36,19,0.25200000000040745,17899.050631392747,1.9359712000899032E-4,2.1955869E-11,0.0,292.75410202890635,0.21603785082697868,45.866234324872494,NLOS,
4,65.0,2,-1595666.2686399408,45,44,45,48,43,0.3250000000007276,18535.18519685045,-6.773091038850004E-6,1.379837E-13,0.0,342.6705839894712,0.23550411313772202,-19.888132106512785,LOS,
9,8.0,2,-1617245.7162123695,46,45,46,46,42,0.261000000002241,17610.3478243351,-7.839942142993857E-5,-1.173171E-11,0.0,582.2775664180517,0.2619558721780777,86.52579485625029,LOS,
73,26.0,0,-1558477.259311162,33,32,33,37,21,-0.06600000000253203,18548.924642238766,1.1720228940248472E-4,1.8189894E-12,0.0,356.3196662887931,2.7980146817862988,-42.01342689245939,NLOS,
74,49.0,0,-1582654.6009989157,38,37,38,46,33,0.26599999999962165,18436.704963285476,3.671646118164045E-5,1.8189894E-12,0.0,244.0999873317778,2.4168578535318375,6.283984366804361,LOS,
75,32.0,0,-1736628.5837146938,29,28,29,29,21,0.9710000000013679,17647.502811409533,0.0,0.0,0.0,545.1027098633349,37.17270350456238,142972.94855343923,LOS,
76,28.0,0,-1596132.1029679365,24,23,24,28,0,-0.3960000000006403,18264.165209967643,0.0,0.0,0.0,71.5596886947751,-2.478416871279478,2476.4678066819906,NLOS,
23,38.0,2,-1619751.1794822179,48,48,48,48,40,0.28700000000026193,17782.22997008264,-8.684652105760569E-5,5.3343484E-13,0.0,410.23528100177646,0.3057241216301918,59.61230435594916,LOS,
1,77.0,2,-1614656.6747224852,36,35,36,40,19,0.08000000000174623,18106.456797339022,-9.345480552900427E-6,9.2030507E-13,0.0,85.698571883142,0.06219815835356712,6.7294538132846355,NLOS,
3,46.0,2,-1553855.882120967,31,30,31,36,19,-0.020000000000436557,17899.02200871706,1.9359714196486038E-4,2.1955869E-11,0.0,292.8354982621968,-0.08139623329043388,46.604489862918854,NLOS,
4,65.0,2,-1613858.9491030388,45,44,45,48,43,0.06599999999889405,18535.24091990292,-6.773090900866298E-6,1.379837E-13,0.0,342.70140688866377,0.03082289919257164,-19.81314891576767,LOS,
9,8.0,2,-1635438.3215267658,46,45,46,46,42,-0.0030000000006111804,17610.33405412361,-7.839943316164901E-5,-1.173171E-11,0.0,582.2831604219973,-0.0055940039455890656,86.52207090333104,LOS,
73,26.0,0,-1576671.8515176773,33,32,33,37,21,0.05700000000069849,18547.935854580253,1.172022912214742E-4,1.8189894E-12,0.0,355.3308786265552,-0.9887876622378826,-40.02619633078575,NLOS,
74,49.0,0,-1600849.1587595344,38,37,38,46,33,-0.033999999999650754,18438.01114302501,3.6716463000629934E-5,1.8189894E-12,0.0,245.40616707131267,1.3061797395348549,8.236769031733274,LOS,
75,32.0,0,-1754807.6023445204,29,28,29,29,21,-0.3650000000016007,17618.542982105166,0.0,0.0,0.0,574.0625391677022,-28.959829304367304,142959.36166199297,LOS,
76,28.0,0,-1614328.8816782609,24,23,24,28,0,0.09900000000197906,18271.729084722698,0.0,0.0,0.0,79.12356344982982,7.563874755054712,2480.64099573344,NLOS,
23,38.0,2,-1637943.9299334176,48,48,48,48,40,0.02599999999802094,17782.246895246208,-8.684652052417082E-5,5.3343484E-13,0.0,410.2226297482848,0.012651253491640091,59.75739420205355,LOS,
1,77.0,2,-1632849.606703855,36,35,36,40,19,-0.03499999999985448,18106.429610930383,-9.345479632595325E-6,9.2030507E-13,0.0,85.7218560539186,-0.023284170776605606,7.056189812719822,NLOS,
3,46.0,2,-1572048.6831210777,31,30,31,36,19,-0.10900000000037835,17898.922238342464,1.935971639207291E-4,2.1955869E-11,0.0,293.3494672626257,-0.513969000428915,46.80655090510845,NLOS,
4,65.0,2,-1632051.3494361266,45,44,45,48,43,-0.04100000000107684,18535.21070529893,-6.7730907628826004E-6,1.379837E-13,0.0,342.5212337523699,-0.1801731362938881,-20.018295731395483,LOS,
9,8.0,2,-1653630.7979535125,46,45,46,46,42,-0.10599999999976717,17610.238101501018,-7.839944489335875E-5,-1.173171E-11,0.0,582.3789272382855,-0.0957668162882328,86.38945930078626,LOS,
73,26.0,0,-1594866.9095356427,33,32,33,37,21,-0.22699999999895226,18548.406151328236,1.1720229304046358E-4,1.8189894E-12,0.0,355.8011753745377,0.470296747982502,-37.57315431907773,NLOS,
74,49.0,0,-1619043.714168042,38,37,38,46,33,0.06899999999950523,18438.164930101484,3.67164648196193E-5,1.8189894E-12,0.0,245.5599541515112,0.15378708019852638,10.187201589345932,LOS,
75,32.0,0,-1773006.5143477954,29,28,29,29,21,0.19900000000052387,17638.53072790429,0.0,0.0,0.0,554.0747933648527,19.98774580284953,142965.66814399883,LOS,
76,28.0,0,-1632524.762693774,24,23,24,28,0,-0.29500000000189175,18270.987958986312,0.0,0.0,0.0,78.38243771716952,-0.7411257326602936,2483.9164899773896,NLOS,
23,38.0,2,-1656136.5444994904,48,47,48,48,40,-0.07999999999810825,17782.176468990743,-8.684651999073599E-5,5.3343484E-13,0.0,410.2984448745847,-0.0758151262998581,59.76659892499447,LOS,
1,77.0,2,-1651042.6682923138,36,35,36,40,19,-0.004000000000814907,18106.42550196871,-9.345478712290221E-6,9.2030507E-13,0.0,85.7804718092084,-0.058615755289793015,7.2127404399216175,NLOS,
3,46.0,2,-1590241.2458648197,32,31,31,36,19,-0.10899999999674037,17898.812112223357,1.9359718587659783E-4,2.1955869E-11,0.0,293.86530463397503,-0.5158373713493347,46.47056312114,NLOS,
4,65.0,2,-1650243.644069299,45,44,45,48,43,-0.02299999999740976,18535.185646481812,-6.773090624898903E-6,1.379837E-13,0.0,342.2157080061734,-0.3055257461965084,-20.628934923559427,LOS,
9,8.0,2,-1671823.160946332,46,45,46,46,42,-0.09400000000096043,17610.14400849119,-7.839945662506848E-5,-1.173171E-11,0.0,582.7590618133545,-0.38013457506895065,85.84362130984664,LOS,
73,26.0,0,-1613059.9240996614,33,32,33,37,21,0.024000000001251465,18546.367206525058,1.1720229485945294E-4,1.8189894E-12,0.0,353.46243811398745,-2.3387372605502605,-37.46335871145129,NLOS,
74,49.0,0,-1637237.5008888207,38,37,38,46,33,-0.10399999999935972,18437.552380990237,3.671646663860868E-5,1.8189894E-12,0.0,244.6476125791669,-0.9123415723443031,11.06915395706892,LOS,
75,32.0,0,-1791191.6788302772,29,28,29,29,21,-0.6019999999989523,17624.877550128847,0.0,0.0,0.0,568.0277636013925,-13.95297023653984,142957.92731275037,LOS,
76,28.0,0,-1650717.7906683423,24,23,24,28,0,0.739000000001397,18268.291462082416,0.0,0.0,0.0,75.38614835217595,-2.9962893649935722,2484.039150815457,NLOS,
23,38.0,2,-1674329.0075998716,48,47,48,48,40,-0.06899999999950523,17782.10753437504,-8.684651945730116E-5,5.3343484E-13,0.0,410.6896564811468,-0.3912116065621376,59.32454549521208,LOS,
1,77.0,2,-1669235.717151463,36,35,36,40,19,-0.06400000000212458,18106.352086499333,-9.345477791985061E-6,9.2030507E-13,0.0,85.0820449963212,0.6984268128871918,7.95614667609334,NLOS,
3,46.0,2,-1608433.5631731898,32,31,32,36,19,-0.13500000000203727,17898.668592285365,1.9359720783246792E-4,2.1955869E-11,0.0,293.48895755782723,0.3763470761477947,46.48872487992048,NLOS,
4,65.0,2,-1668435.7697267495,45,44,45,48,43,-0.06300000000192085,18535.113859675825,-6.773090486915196E-6,1.379837E-13,0.0,342.74629343673587,0.5305854305624962,-20.808964923024178,LOS,
9,8.0,2,-1690015.3557555042,46,45,46,46,42,-0.1290000000008149,17610.006472166628,-7.839946835677893E-5,-1.173171E-11,0.0,582.2945975251496,0.46446428820490837,85.72918459028006,LOS,
73,26.0,0,-1631253.180380199,33,32,33,37,21,-0.3680000000022119,18546.61345588416,1.1720229667844243E-4,1.8189894E-12,0.0,354.3082723915577,0.8458342775702477,-36.51226166635752,NLOS,
74,49.0,0,-1655431.8758610003,38,37,38,46,33,0.37700000000040745,18438.296770364046,3.671646845759816E-5,1.8189894E-12,0.0,245.9915868677199,1.3439742885529995,13.138942640274763,LOS,
75,32.0,0,-1809387.4285861216,29,28,29,29,21,0.5039999999971769,17635.557137478143,0.0,0.0,0.0,556.748591337353,11.279172264039516,142961.37133977935,LOS,
76,28.0,0,-1668936.8624999449,24,23,24,28,0,-0.6490000000012515,18294.491838168353,0.0,0.0,0.0,102.18610935285687,26.799961000680923,2510.8052536025643,NLOS,
23,38.0,2,-1692521.2931291908,48,47,48,48,40,-0.09500000000116415,17782.001693408936,-8.684651892386628E-5,5.3343484E-13,0.0,410.2076193615794,0.48203711956739426,59.30450591817498,LOS,
1,77.0,2,-1687429.0937916562,36,35,36,40,19,0.3120000000017171,18106.674759503454,-9.345476871679958E-6,9.2030507E-13,0.0,84.94246790930629,0.13957708701491356,8.727541498839855,NLOS,
3,46.0,2,-1626625.9979402646,32,31,32,36,19,0.21900000000096043,17898.895996451378,1.9359722978833666E-4,2.1955869E-11,0.0,293.6490539610386,-0.1600964032113552,46.32455288618803,NLOS,
4,65.0,2,-1686628.197945211,45,44,45,48,43,0.29100000000107684,18535.414327349514,-6.773090348931499E-6,1.379837E-13,0.0,342.84898506477475,0.10269162803888321,-20.986226364970207,LOS,
9,8.0,2,-1708207.7674669176,46,46,46,46,42,0.22100000000136788,17610.236817974597,-7.839948008848866E-5,-1.173171E-11,0.0,582.344346947968,-0.04974942281842232,85.53185765445232,LOS,
73,26.0,0,-1649445.914352566,33,25,33,37,21,0.7989999999990687,18546.095639575273,1.172022984974318E-4,1.8189894E-12,0.0,353.49066362157464,-0.8176087699830532,-36.383265253156424,NLOS,
74,49.0,0,-1673624.8725040592,38,37,38,46,33,0.18999999999869033,18437.074533898383,3.6716470276587534E-5,1.8189894E-12,0.0,244.46955794468522,-1.522028923034668,13.530609745532274,LOS,
75,32.0,0,-1827579.0702302344,29,28,29,29,21,0.4040000000022701,17631.543413277715,0.0,0.0,0.0,561.0621079951525,-4.313516657799482,142960.40746261925,LOS,
76,28.0,0,-1687109.3456940167,23,22,24,28,0,0.9510000000009313,18248.059680927545,0.0,0.0,0.0,55.454159654676914,-46.73194969817996,2490.682926401496,NLOS,
23,38.0,2,-1710713.754856769,48,47,48,48,40,0.24399999999877764,17782.256548970938,-8.684651839043145E-5,5.3343484E-13,0.0,410.27113849669695,-0.06351913511753082,59.160872146487236,LOS,
1,77.0,2,-1705622.45392669,36,35,36,40,19,0.3440000000009604,18107.017360024154,-9.345475951374854E-6,9.2030507E-13,0.0,84.84738290309906,0.0950850062072277,9.482431162148714,NLOS,
3,46.0,2,-1644818.6223296411,32,31,32,36,19,0.2559999999975844,17899.150953453034,1.935972517442054E-4,2.1955869E-11,0.0,293.4372078999877,0.21184606105089188,46.3500031940639,NLOS,
4,65.0,2,-1704820.8732596189,45,44,45,48,43,0.32999999999810825,18535.74574649334,-6.773090210947801E-6,1.379837E-13,0.0,343.1960132494569,0.3470281846821308,-20.916391864418983,LOS,
9,8.0,2,-1726400.4152007662,47,46,46,47,42,0.272000000000844,17610.508368764073,-7.83994918201984E-5,-1.173171E-11,0.0,582.0752118714154,0.26913507655262947,85.57055315375328,LOS,
73,26.0,0,-1667635.2966378517,25,24,33,37,21,-1.139999999999418,18542.748467635363,1.1720230031642118E-4,1.8189894E-12,0.0,350.1434916816652,-3.347171939909458,-39.60595592111349,NLOS,
74,48.0,0,-1691817.4522290118,38,37,38,46,33,0.38299999999799184,18436.813707463443,3.671647209557691E-5,1.8189894E-12,0.0,244.2087315134704,-0.2608264312148094,13.505358748137951,LOS,
75,32.0,0,-1843964.2956660986,29,28,29,29,21,-0.386000000002241,17629.642856307328,-4.707700627477606E-4,-9.094947E-13,0.0,141696.27692892775,-141135.2148209326,19.713113248348236,LOS,
76,28.0,0,-1705310.4843202531,23,22,24,28,0,1.217000000000553,18276.347262140363,0.0,0.0,0.0,83.74174087122083,28.287581216543913,2499.216031368822,NLOS,
23,39.0,2,-1728906.44738622,48,47,48,48,40,0.29900000000270666,17782.55409269035,-8.684651785699663E-5,5.3343484E-13,0.0,409.98028441518545,0.2908540815114975,59.24804024398327,LOS,
1,77.0,2,-1723816.260063082,35,34,36,40,19,0.2209999999977299,18107.2386197336,-9.34547503106975E-6,9.2030507E-13,0.0,84.5895770303905,0.25780587270855904,10.383529722690582,NLOS,
3,46.0,2,-1663011.3792468198,32,31,32,36,19,0.12800000000061118,17899.281180415303,1.9359727370007413E-4,2.1955869E-11,0.0,293.58224477246404,-0.14503687247633934,46.208188846707344,NLOS,
4,65.0,2,-1723013.6294056997,45,44,45,48,43,0.20100000000093132,18535.946939446032,-6.773090072964103E-6,1.379837E-13,0.0,343.07697331532836,-0.11903993412852287,-21.065518144518137,LOS,
9,8.0,2,-1744593.158889439,47,46,47,47,42,0.125,17610.633169047534,-7.839950355190813E-5,-1.173171E-11,0.0,582.2459301166236,-0.1707182452082634,85.40541101619601,LOS,
73,26.0,0,-1685818.4080883823,23,22,33,37,21,-0.3709999999991851,18536.482150107622,1.1720230213541054E-4,1.8189894E-12,0.0,343.57738169655204,-6.566109985113144,-49.39927380159497,NLOS,
74,48.0,0,-1710009.5413627364,38,37,38,46,33,0.15200000000186265,18436.479192290455,3.671647391456628E-5,1.8189894E-12,0.0,243.574423879385,-0.6343076340854168,12.689724061638117,LOS,
75,32.0,0,-1862154.598410923,29,28,29,29,21,0.35300000000279397,17630.34071052447,-4.7077006365725527E-4,-9.094947E-13,0.0,562.5648758672178,141133.71205306053,17.11027168110013,LOS,
76,28.0,0,-1723514.5882308558,22,22,23,28,0,-0.24400000000241562,18280.00383612886,0.0,0.0,0.0,87.09852239862084,3.356781527400017,2510.414628241211,NLOS,
23,39.0,2,-1747099.228578411,47,46,48,48,40,0.15799999999944703,17782.712657969445,-8.68465173235618E-5,5.3343484E-13,0.0,410.1313601769507,-0.15107576176524162,59.12407862395048,LOS,
1,77.0,2,-1742010.3453930728,35,34,36,40,19,0.24200000000200816,18107.472206056118,-9.345474110764592E-6,9.2030507E-13,0.0,84.19878491014242,0.3907921202480793,11.563821885734797,NLOS,
3,46.0,2,-1681204.303590726,32,31,32,36,19,0.15700000000288128,17899.426966793835,1.9359729565594417E-4,2.1955869E-11,0.0,293.3926042765379,0.18964049592614174,46.23380122706294,NLOS,
4,65.0,2,-1741206.4952946343,45,44,45,48,43,0.24799999999959255,18536.1856010966,-6.773089934980397E-6,1.379837E-13,0.0,343.2866466976702,0.20967338234186172,-21.10490157455206,LOS,
9,8.0,2,-1762786.0631107315,46,45,47,47,42,0.1989999999968859,17610.821774847806,-7.839951528361857E-5,-1.173171E-11,0.0,582.0523070991039,0.19362301751971245,85.40080150216818,LOS,
73,26.0,0,-1703994.975415673,23,22,25,37,21,1.6460000000006403,18529.942567873746,1.1720230395440003E-4,1.8189894E-12,0.0,337.03779946267605,-6.53958223387599,-65.73671492189169,NLOS,
74,48.0,0,-1728201.5252608322,38,37,38,46,33,0.569999999999709,18436.53003210947,3.6716475733555765E-5,1.8189894E-12,0.0,243.62526369839907,0.05083981901407242,11.76885374635458,LOS,
75,32.0,0,-1880348.3998661302,29,28,29,29,21,0.8909999999996217,17633.934433594346,-4.7077006456675E-4,-9.094947E-13,0.0,558.971152793616,3.5937230736017227,18.006140500307083,LOS,
76,28.0,0,-1741688.0500004813,22,21,23,28,0,0.16200000000026193,18249.518530692905,0.0,0.0,0.0,56.61321696266532,-30.485305435955524,2490.971084136516,NLOS,
23,39.0,2,-1765292.145991698,47,46,48,48,40,0.2109999999993306,17782.914112612605,-8.684651679012693E-5,5.3343484E-13,0.0,409.9351085796952,0.19625159725546837,59.1363380998373,LOS,
1,77.0,0,-1760284.2513553686,35,25,35,40,19,0.17199999999866122,18107.652807097882,-9.34547319045949E-6,9.2030507E-13,0.0,4.566329333931208,79.63245557621121,92.26495389267802,NLOS,
3,46.0,2,-1699397.6255940236,32,31,32,36,19,0.1929999999993015,17899.630768168718,1.9359731761181288E-4,2.1955869E-11,0.0,293.27248372510076,0.12012055143713951,46.35728054121137,NLOS,
4,65.0,2,-1759399.593832206,46,45,45,48,43,0.25200000000040745,18536.446399550885,-6.7730897969967005E-6,1.379837E-13,0.0,343.3193800486624,0.03273335099220276,-21.211428824812174,LOS,
9,8.0,2,-1780979.0955092162,46,45,47,47,42,0.1640000000006694,17610.99538453296,-7.839952701532829E-5,-1.173171E-11,0.0,582.1907541826367,-0.1384470835328102,85.22457671910524,LOS,
73,26.0,0,-1722182.4489829652,23,22,23,37,21,0.10900000000037835,18540.85330781713,1.172023057733894E-4,1.8189894E-12,0.0,347.6487469486892,10.610947486013174,-71.46770849823952,NLOS,
74,48.0,0,-1746393.5128502883,38,37,38,46,33,0.23500000000058208,18436.6897533983,3.6716477552545135E-5,1.8189894E-12,0.0,243.48519252985716,-0.14007116854190826,10.551882334053516,LOS,
75,32.0,0,-1898543.538957268,28,28,29,29,21,-0.5940000000009604,17635.367181032896,-4.707700654762447E-4,-9.094947E-13,0.0,557.8381978161633,1.132954977452755,19.93985278904438,LOS,
76,28.0,0,-1759865.1843861677,22,21,22,28,0,-0.6640000000006694,18253.347943000495,0.0,0.0,0.0,60.142836812883615,3.529619850218296,2474.900363635272,NLOS,
23,39.0,2,-1783485.211139854,46,39,47,48,39,0.19700000000011642,17783.121558107436,-8.684651625669209E-5,5.3343484E-13,0.0,410.0270838961005,-0.09197531640529633,58.99653999134898,LOS,
1,77.0,0,-1778488.3749292567,28,27,35,40,19,0.4690000000009604,18108.121646024287,-9.345472270154388E-6,9.2030507E-13,0.0,74.53689287230372,-69.97056353837252,102.88390503451228,NLOS,
3,46.0,2,-1717591.6045239381,33,32,32,36,19,0.36899999999877764,17900.000540014356,1.9359733956768153E-4,2.1955869E-11,0.0,292.8931097127497,0.37937401235103607,46.83789401501417,NLOS,
4,65.0,2,-1777593.0747008212,46,45,46,48,43,0.4850000000005821,18536.930846951902,-6.773089659013003E-6,1.379837E-13,0.0,343.5018051415682,0.1824250929057598,-21.235417488962412,LOS,
9,8.0,2,-1799172.5202187076,45,44,46,47,42,0.4140000000006694,17611.410614952445,-7.839953874703798E-5,-1.173171E-11,0.0,582.0650959610939,0.12565822154283524,85.1408704854548,LOS,
73,26.0,0,-1740373.8717586063,23,22,23,37,21,0.522000000000844,18544.80703957379,1.1720230759237877E-4,1.8189894E-12,0.0,351.30268624797463,3.653939299285412,-73.54928618296981,NLOS,
74,48.0,0,-1764588.4996152967,38,37,38,46,33,0.31199999999807915,18439.84495801106,3.67164793715345E-5,1.8189894E-12,0.0,246.34060468524694,2.8554121553897858,12.03429401665926,LOS,
75,32.0,0,-1916737.3111092933,28,27,29,29,21,0.8810000000012224,17634.095349945128,-4.7077006638573943E-4,-9.094947E-13,0.0,559.4098213613033,-1.571623545140028,20.206833507865667,LOS,
76,28.0,0,-1777990.1126900762,21,7,22,28,0,0.941000000002532,18201.298632092774,0.0,0.0,0.0,7.793733444064856,-52.34910336881876,2406.3237688951194,NLOS,
23,39.0,2,-1801678.6968986057,39,38,47,48,38,0.43000000000029104,17783.55131243542,-8.684651572325727E-5,5.3343484E-13,0.0,409.8462066203356,0.18087727576494217,58.97756001353264,LOS,
1,77.0,0,-1796664.1179487817,27,26,35,40,19,0.09100000000034925,18108.204754862934,-9.345471349849232E-6,9.2030507E-13,0.0,102.50603591278195,-27.96914304047823,85.42209427431226,NLOS,
3,46.0,2,-1735785.4236462452,33,32,33,36,19,-0.17799999999988358,17899.812414545566,1.9359736152355154E-4,2.1955869E-11,0.0,292.7308990433812,0.16221066936850548,47.45849233865738,NLOS,
4,65.0,2,-1795786.310009908,46,45,46,48,43,-0.1290000000008149,18536.791873250157,-6.773089521029297E-6,1.379837E-13,0.0,343.6559342816472,0.15412914007902145,-21.20517322421074,LOS,
9,8.0,2,-1817365.7030043975,45,44,46,47,42,-0.1860000000015134,17611.21425184235,-7.839955047874839E-5,-1.173171E-11,0.0,581.9741167388856,0.09097922220826149,85.11503291130066,LOS,
73,26.0,0,-1758565.1934073493,22,21,23,37,21,-0.4530000000013388,18544.71045988053,1.1720230941136825E-4,1.8189894E-12,0.0,351.5058990120888,0.20321276411414146,-75.43219830840826,NLOS,
74,48.0,0,-1782782.0936524943,38,38,38,46,33,0.0610000000015134,18438.60825863853,3.6716481190523976E-5,1.8189894E-12,0.0,245.4036977700889,-0.9369069151580334,12.42377034574747,LOS,
75,32.0,0,-1934930.2660379075,28,27,28,29,21,-0.3730000000032305,17633.37323055789,-4.7077006729523413E-4,-9.094947E-13,0.0,559.8321482874453,-0.4223269261419773,19.956383276730776,LOS,
76,28.0,0,-1796147.641723007,7,7,22,28,0,1.1569999999992433,18234.05610676855,0.0,0.0,0.0,40.85100058093667,33.057267136871815,2370.6476956382394,NLOS,
23,39.0,2,-1819871.8789423108,38,37,46,48,37,-0.15600000000267755,17783.38512104377,-8.68465151898224E-5,5.3343484E-13,0.0,409.79009360447526,0.05611301586031914,58.95465745031834,LOS,
1,77.0,0,-1814831.4994433858,26,25,28,40,19,-0.05400000000008731,18108.158648334444,-9.34547023046708E-6,9.2913828E-13,0.0,110.73421631380916,-8.228180401027203,59.59881827235222,NLOS,
3,46.0,2,-1753978.7733212598,33,32,33,36,19,-0.407999999999447,17899.4128032811,1.9359738347942023E-4,2.1955869E-11,0.0,293.1780810691416,-0.4471820257604122,47.60964336618781,NLOS,
4,65.0,2,-1813979.0384064578,46,45,46,48,43,-0.31999999999970896,18536.48198894784,-6.7730893830456E-6,1.379837E-13,0.0,343.24886494129896,-0.4070693403482437,-21.681841496378183,LOS,
8,44.0,2,-1807394.2517666854,45,44,44,49,43,-0.33799999999973807,17873.141760151833,1.7158529184075134E-5,4.6850583E-12,0.0,4823.7752295695245,5143.710356675088,568.0502728894353,NLOS,
9,8.0,2,-1835558.467891533,45,44,45,47,42,-0.37999999999738066,17610.843849226832,-7.83995622104581E-5,-1.173171E-11,0.0,582.3588277287781,-0.38471098989248276,84.67129677906632,LOS,
73,26.0,0,-1776765.4338945635,22,21,23,37,21,-1.0960000000013679,18553.633804924786,1.1720231123035761E-4,1.8189894E-12,0.0,360.42924405634403,8.923345044255257,-68.39627196267247,NLOS,
74,48.0,0,-1800976.6310962737,38,38,38,46,33,-0.4749999999985448,18439.707648344338,3.6716483009513346E-5,1.8189894E-12,0.0,246.50308747589588,1.0993897058069706,13.756653256714344,LOS,
75,32.0,0,-1953124.594299458,28,27,28,29,21,-0.03499999999985448,17634.841765526682,-4.7077006820472883E-4,-9.094947E-13,0.0,558.3636133223772,1.4685349650681019,21.079265978187323,LOS,
76,28.0,0,-1814326.6928825304,8,7,21,28,0,0.02899999999863212,18255.581630464643,0.0,0.0,0.0,62.37652427703142,21.52552369609475,2356.493748974055,NLOS,
23,39.0,2,-1838064.5315640867,37,36,39,48,36,-0.34799999999813735,17783.047534167767,-8.684651465638758E-5,5.3343484E-13,0.0,410.2594287507236,-0.4693351462483406,58.402332957834005,LOS,
1,77.0,0,-1832997.9604354203,26,25,27,40,19,-0.8300000000017462,18107.329458095133,-9.345469301328873E-6,9.2913828E-13,0.0,110.96387888863683,-0.22966257482767105,33.45456758514047,NLOS,
3,46.0,2,-1772171.4776452184,33,32,33,36,19,-0.5509999999994761,17898.86254568398,1.9359740543528894E-4,2.1955869E-11,0.0,293.20159612223506,-0.02351505309343338,47.71502825990319,NLOS,
4,65.0,2,-1832171.0938037522,46,45,46,48,43,-0.4609999999993306,18536.020251624286,-6.773088623915588E-6,1.6457642E-13,0.0,343.34025740996003,0.09139246866106987,-22.23173789307475,LOS,
8,44.0,2,-1825586.1650033034,45,44,45,49,43,-0.4710000000013679,17872.671087436378,1.7158533869133384E-5,4.6850583E-12,0.0,320.08094407245517,-5143.85617364198,567.3593927808106,NLOS,
9,8.0,2,-1853750.6501486339,45,44,45,47,42,-0.5360000000000582,17610.30812824145,-7.839957394216782E-5,-1.173171E-11,0.0,582.3087146766484,0.05011305212974548,84.24451553076506,LOS,
73,26.0,0,-1794959.5365918688,23,22,22,37,21,-0.5190000000002328,18547.50054555759,1.1720231304934699E-4,1.8189894E-12,0.0,354.8955696038902,-5.533674452453852,-66.89855061098933,NLOS,
74,48.0,0,-1819169.8521456532,39,38,38,46,33,-0.3120000000017171,18438.547236539423,3.6716484828502715E-5,1.8189894E-12,0.0,245.9422605857253,-0.5608268901705742,14.372726682573557,LOS,
75,32.0,0,-1971316.274986975,28,27,28,29,21,-0.12299999999959255,17632.289389204234,-4.7077006911422353E-4,-9.094947E-13,0.0,560.3164047263563,-1.952791403979063,20.15415956452489,LOS,
23,39.0,2,-1856256.6475734748,37,36,38,48,36,-0.5,17782.54645619914,-8.684651412295274E-5,5.3343484E-13,0.0,410.1363932006061,0.12303555011749268,57.91298099607229,LOS,
1,77.0,0,-1851165.1340625808,27,26,26,40,19,0.8340000000025611,18108.1537848562,-9.34546837219061E-6,9.2913828E-13,0.0,110.13955206796527,0.8243268206715584,8.022952020168304,NLOS,
3,46.0,2,-1790364.4599471986,33,32,33,36,19,0.41499999999723514,17899.268307819963,1.9359742739115903E-4,2.1955869E-11,0.0,292.90138103440404,0.30021508783102036,48.09839117154479,NLOS,
4,65.0,2,-1850363.611797016,45,44,46,48,43,0.48400000000037835,18536.49509297684,-6.773088459339166E-6,1.6457642E-13,0.0,343.8416789472103,0.5014215372502804,-22.319216560572386,LOS,
8,44.0,2,-1843778.441228833,45,44,45,49,43,0.47700000000259024,17873.138518292457,1.7158538554191925E-5,4.6850583E-12,0.0,319.6289364770055,0.45200759544968605,567.031501583755,NLOS,
9,8.0,2,-1871943.2065371722,45,44,45,47,42,0.4219999999986612,17610.72132274881,-7.839958568786193E-5,-1.1732195E-11,0.0,581.899612441659,0.4091022349894047,84.19186152517796,LOS,
73,26.0,0,-1813150.1171958297,28,22,23,37,21,0.783000000003085,18543.98102599755,1.1720231486833648E-4,1.8189894E-12,0.0,351.3760500475764,-3.519519556313753,-68.9229226000607,NLOS,
74,48.0,0,-1837363.8962128088,39,38,39,46,33,1.0349999999998545,18439.525505710393,3.67164866474922E-5,1.8189894E-12,0.0,246.92052975669503,0.9782691709697247,15.81181788444519,LOS,
75,32.0,0,-1989509.2112044804,28,27,28,29,21,-0.0779999999977008,17633.640112929046,-4.7077007002371824E-4,-9.094947E-13,0.0,558.965681001544,1.3507237248122692,20.484583139419556,LOS,
23,39.0,2,-1874449.1448808461,37,36,37,48,36,0.4530000000013388,17782.990580987185,-8.684651358951787E-5,5.3343484E-13,0.0,409.6950557306409,0.4413374699652195,57.80492701381445,LOS,
1,77.0,0,-1869335.8596660607,33,27,27,40,19,-0.342000000000553,18107.821544751525,-9.345467443052403E-6,9.2913828E-13,0.0,106.47586642950773,3.6636856384575367,-13.856687221676111,NLOS,
3,46.0,2,-1808556.9297721423,33,32,33,36,19,-0.35599999999976717,17898.921377681196,1.9359744934702774E-4,2.1955869E-11,0.0,293.3915804475546,-0.49019941315054893,47.969277046620846,NLOS,
4,65.0,2,-1868555.760131482,45,44,46,48,43,-0.2750000000014552,18536.22873912379,-6.7730882947627545E-6,1.6457642E-13,0.0,343.5719802714884,-0.2696986757218838,-22.776354029774666,LOS,
8,44.0,2,-1861970.3441076428,46,45,45,49,43,-0.2890000000006694,17872.860191408545,1.7158543239250175E-5,4.6850583E-12,0.0,319.913209695369,-0.2842732183635235,566.3302636630833,NLOS,
9,8.0,2,-1890135.4041727558,45,44,45,47,42,-0.3319999999985157,17610.398940045387,-7.839959742005648E-5,-1.1732195E-11,0.0,582.2268224917352,-0.32721005007624626,83.78045861423016,LOS,
73,26.0,0,-1831346.6863342188,29,28,28,37,21,0.05199999999967986,18549.97613679245,1.1720231668732584E-4,1.8189894E-12,0.0,357.371160838753,5.9951107911765575,-64.9587601646781,NLOS,
74,48.0,0,-1855556.7985119931,39,38,39,46,33,-0.46299999999973807,18438.5403829664,3.6716488466481577E-5,1.8189894E-12,0.0,245.93540701270103,-0.9851227439939976,16.10914111509919,LOS,
75,32.0,0,-2007699.310227614,28,27,28,29,21,-0.6530000000020664,17630.898212336004,-4.7077007093321294E-4,-9.094947E-13,0.0,561.7075815983117,-2.741900596767664,17.977812338620424,LOS,
23,39.0,2,-1892641.2436514422,37,36,37,48,36,-0.3029999999998836,17782.696688704193,-8.684651438946999E-5,5.3938104E-13,0.0,410.02205254882574,-0.3269968181848526,57.297936517745256,LOS,
1,77.0,2,-1887526.5309388526,34,33,33,40,19,0.19499999999970896,18108.016364384443,-9.345466513914196E-6,9.2913828E-13,0.0,86.11869365349412,20.357172776013613,-15.49086469784379,NLOS,
3,46.0,2,-1826749.625224214,33,32,33,36,19,0.3280000000013388,17899.24917167425,1.935974713028965E-4,2.1955869E-11,0.0,292.8438978046179,0.5476826429367065,48.36558250710368,NLOS,
4,65.0,2,-1886748.2686376274,45,44,45,48,43,0.4140000000006694,18536.644656088203,-6.773088130186342E-6,1.6457642E-13,0.0,344.3319153673947,0.7599350959062576,-22.573527358472347,LOS,
8,44.0,2,-1880162.5261965618,46,45,46,49,43,0.3960000000006403,17873.25522828102,1.715854792430843E-5,4.6850583E-12,0.0,319.24513882398605,0.6680708713829517,566.2080283164978,NLOS,
9,8.0,2,-1908327.891017884,45,44,45,47,42,0.33399999999892316,17610.733046650887,-7.839960915225104E-5,-1.1732195E-11,0.0,581.6046302728355,0.6221922188997269,83.95805770531297,LOS,
73,26.0,0,-1849541.3812541887,29,28,29,37,21,-0.09900000000197906,18548.10641713068,1.1720231850631522E-4,1.8189894E-12,0.0,355.8012336343527,-1.569927204400301,-62.56902369111776,NLOS,
74,48.0,0,-1873751.1240788102,39,38,39,46,33,0.03900000000066939,18440.119566604495,3.671649028547095E-5,1.8189894E-12,0.0,247.81438311189413,1.8789760991930962,18.129524439573288,LOS,
75,32.0,0,-2025892.8334909342,28,27,28,29,21,1.0319999999992433,17634.417741253972,-4.7077007184270764E-4,-9.094947E-13,0.0,557.8882602192461,3.8193213790655136,19.195074185729027,LOS,
23,39.0,2,-1910833.6650285572,37,36,37,48,36,0.341999999996915,17783.04024061933,-8.684651385008896E-5,5.3938104E-13,0.0,409.3502474464476,0.67180510237813,57.413746520876884,LOS,
1,77.0,2,-1905715.8029268496,33,32,34,40,19,-0.17399999999906868,18107.842431616038,-9.345465584775987E-6,9.2913828E-13,0.0,87.10646782815456,-0.9877741746604443,-18.224534507840872,NLOS,
3,46.0,2,-1844942.1346194632,33,32,33,36,19,-0.29100000000107684,17898.9590228647,1.9359749325876526E-4,2.1955869E-11,0.0,292.7078946903348,0.13600311428308487,48.87562360614538,NLOS,
4,65.0,2,-1904940.4117923565,45,44,45,48,43,-0.22699999999895226,18536.41661444679,-6.7730879656099305E-6,1.6457642E-13,0.0,344.3663159199059,0.03440055251121521,-22.436259645968676,LOS,
8,44.0,2,-1898354.338724684,46,45,46,49,43,-0.22800000000279397,17873.027524843812,1.7158552609366687E-5,4.6850583E-12,0.0,319.22582340985537,0.019315414130687714,566.0160246267915,NLOS,
9,8.0,2,-1926520.057876002,44,44,45,47,42,-0.28700000000026193,17610.445328760892,-7.839962088444562E-5,-1.1732195E-11,0.0,581.5916265882552,0.01300368458032608,84.11546224355698,LOS,
73,26.0,0,-1867741.913066119,29,28,29,37,21,0.25200000000040745,18553.94780960679,1.1720232032530459E-4,1.8189894E-12,0.0,361.9424185715616,6.141184937208891,-54.04260279610753,NLOS,
74,48.0,0,-1891939.6378009096,39,38,39,46,33,0.08399999999892316,18434.463622044772,3.671649210446032E-5,1.8189894E-12,0.0,242.45823100581765,-5.356152106076479,14.637855499982834,LOS,
75,32.0,0,-2044081.4681908488,28,27,28,29,21,-0.7149999999965075,17629.624497681856,-4.7077007275220234E-4,-9.094947E-13,0.0,562.3817113339901,-4.493451114743948,15.8235650844872,LOS,
23,39.0,2,-1929025.7480681427,37,37,37,48,36,-0.25,17782.790068414062,-8.684651331070792E-5,5.3938104E-13,0.0,409.32868640869856,0.021561037749052048,57.49101145192981,LOS,
1,77.0,2,-1923909.7013993822,33,32,34,40,19,0.05699999999706051,18107.889362756163,-9.345464655637722E-6,9.2913828E-13,0.0,82.6680557988584,4.43841202929616,-16.631512239575386,NLOS,
3,46.0,2,-1863134.7439805828,33,32,33,36,19,0.02200000000084401,17898.971606634557,1.9359751521463538E-4,2.1955869E-11,0.0,292.88546807691455,-0.17757338657975197,49.18583811447024,NLOS,
4,65.0,2,-1923132.5060374737,44,44,45,48,43,0.09200000000055297,18536.49907875806,-6.773087801033508E-6,1.6457642E-13,0.0,344.117583848536,-0.2487320713698864,-22.647694002836943,LOS,
8,44.0,2,-1916546.0247817263,45,44,46,49,43,0.08300000000235741,17873.102183647454,1.7158557294425235E-5,4.6850583E-12,0.0,319.5630080848932,-0.33718467503786087,565.3977573998272,NLOS,
9,8.0,2,-1944712.1811715476,44,44,45,47,42,0.006000000001222361,17610.44106752053,-7.839963261664091E-5,-1.1732195E-11,0.0,581.9018124341965,-0.31018584594130516,83.92951175197959,LOS,
73,26.0,0,-1885941.2563853227,29,28,29,37,21,-0.01599999999962165,18552.763841677457,1.1720232214429408E-4,1.8189894E-12,0.0,360.4586581811309,-1.4837603904306889,-47.00446708872914,NLOS,
74,48.0,0,-1910131.1939285658,39,38,39,46,33,0.2970000000022992,18437.661927565932,3.6716493923449814E-5,1.8189894E-12,0.0,245.35674407333136,2.8985130675137043,13.888799663633108,LOS,
75,32.0,0,-2062269.9816389307,27,17,28,29,17,-0.10200000000259024,17629.59856119752,-4.7077007366169704E-4,-9.094947E-13,0.0,562.7074402756989,-0.3257289417088032,12.031011693179607,LOS,
23,39.0,2,-1947217.8523748107,43,37,37,48,36,0.043000000001484295,17782.823847781867,-8.684651277132687E-5,5.3938104E-13,0.0,409.5471288971603,-0.21844248846173286,57.28975101187825,LOS,
1,77.0,2,-1942103.5423773937,34,33,33,40,19,0.1680000000014843,18108.066991638392,-9.345463726499514E-6,9.2913828E-13,0.0,82.31402053683996,0.35403526201844215,-14.796192035079002,NLOS,
3,46.0,2,-1881327.7061154544,32,27,33,36,19,0.05400000000008731,17899.035420846194,1.9359753717050415E-4,2.1955869E-11,0.0,292.21060860157013,0.6748594753444195,50.14861883595586,NLOS,
4,65.0,2,-1941324.6261345334,44,43,45,48,43,0.125,18536.63451012969,-6.773087636457096E-6,1.6457642E-13,0.0,344.5431449227035,0.42556107416749,-22.53348395973444,LOS,
8,44.0,2,-1934737.9840380922,44,40,46,49,40,0.12199999999938882,17873.231866125017,1.7158561979483498E-5,4.6850583E-12,0.0,318.90088326483965,0.6621248200535774,565.3524819537997,NLOS,
9,8.0,2,-1962904.3905448094,44,43,44,47,42,0.09200000000055297,17610.543483246118,-7.839964434883548E-5,-1.1732195E-11,0.0,581.48269437626,0.41911805793643,84.1294314339757,LOS,
73,26.0,0,-1904139.8761543594,29,28,29,37,21,-0.342000000000553,18552.044775098562,1.1720232396328345E-4,1.8189894E-12,0.0,360.0393840633333,-0.41927411779761314,-40.390089087188244,NLOS,
74,48.0,0,-1928319.891960185,39,38,39,46,33,0.0639999999984866,18434.95968569815,3.671649574243919E-5,1.8189894E-12,0.0,242.95429465919733,-2.4024494141340256,10.58144024387002,LOS,
75,32.0,0,-2080467.2449419945,22,7,28,29,7,0.5410000000010768,17638.443830534816,-4.7077007457119174E-4,-9.094947E-13,0.0,553.5623784810305,9.145061794668436,17.288105741143227,LOS,
23,39.0,2,-1965409.975878518,40,39,43,48,36,0.09000000000014552,17782.922320041806,-8.684651223194583E-5,5.3938104E-13,0.0,409.1680039167404,0.3791249804198742,57.40748006477952,LOS,
1,77.0,2,-1960297.2831124999,35,34,34,40,19,0.16999999999825377,18108.23773777485,-9.345462797361305E-6,9.2913828E-13,0.0,82.302524253726,0.011496283113956451,-13.061114735901356,NLOS,
3,46.0,2,-1899521.0898554884,27,27,33,36,19,0.0750000000007276,17899.10970422253,1.935975591263729E-4,2.1955869E-11,0.0,291.7667240872979,0.443884514272213,51.533004716038704,NLOS,
4,65.0,2,-1959516.8360578716,43,43,44,48,43,0.15399999999863212,18536.78877105564,-6.773087471880684E-6,1.6457642E-13,0.0,344.7328978776932,0.1897529549896717,-22.329447641968727,LOS,
8,44.0,2,-1952930.059408173,40,39,45,49,39,0.1319999999977881,17873.3657524921,1.7158566664541758E-5,4.6850583E-12,0.0,318.69564102217555,0.20524224266409874,565.4233202263713,NLOS,
9,8.0,2,-1981096.6368454844,44,43,44,47,42,0.06999999999970896,17610.613816019148,-7.839965608103006E-5,-1.1732195E-11,0.0,581.4125474244356,0.07014695182442665,84.36627852916718,LOS,
73,26.0,0,-1922341.091392707,29,28,29,37,21,0.2540000000008149,18554.644751816988,1.1720232578227283E-4,1.8189894E-12,0.0,362.639360781759,2.5999767184257507,-31.180241774767637,NLOS,
74,48.0,0,-1946509.2432054058,38,33,39,46,33,-0.010000000002037268,18435.768752917647,3.671649756142857E-5,1.8189894E-12,0.0,243.7633618824184,0.8090672232210636,7.9272944293916225,LOS,
75,32.0,0,-2098667.6325242333,22,21,27,29,7,-0.6170000000020082,17641.66352023557,-4.7077007548068645E-4,-9.094947E-13,0.0,550.342688780278,3.2196897007524967,25.669478964060545,LOS,
23,39.0,2,-1983602.1490602344,41,40,43,48,36,0.11699999999837019,17783.0388003923,-8.684651169256479E-5,5.3938104E-13,0.0,409.0582131706178,0.10979074612259865,57.57488712668419,LOS,
1,77.0,2,-1978490.9488359094,42,35,35,42,19,0.23800000000119326,18108.47516045347,-9.345461868223097E-6,9.2913828E-13,0.0,82.56558221951127,-0.26305796578526497,-11.700841594487429,NLOS,
3,46.0,2,-1917714.5620320141,28,27,32,36,19,0.15199999999822467,17899.261119142175,1.935975810822417E-4,2.1955869E-11,0.0,291.9557966776192,-0.18907259032130241,52.70603463053703,NLOS,
4,65.0,2,-1977709.1755642109,43,42,44,48,42,0.22899999999935972,18537.016597285867,-6.773087307304271E-6,1.6457642E-13,0.0,344.6626040637493,-0.07029381394386292,-22.295620776712894,LOS,
8,44.0,2,-1971122.2298379317,39,38,44,49,38,0.1680000000014843,17873.532488323748,1.7158571349600017E-5,4.6850583E-12,0.0,318.811230327934,-0.11558930575847626,565.2894257158041,NLOS,
9,8.0,2,-1999289.01202989,44,43,44,47,42,0.16599999999743886,17610.778156362474,-7.839966781322463E-5,-1.1732195E-11,0.0,581.5502294152975,-0.1376819908618927,84.43221689760685,LOS,
73,26.0,0,-1940531.3478186354,29,28,29,37,21,0.1820000000006985,18543.69044900313,1.172023276012622E-4,1.8189894E-12,0.0,351.385265506804,-11.254095274955034,-33.228999342769384,NLOS,
74,48.0,0,-1964701.7981775664,34,33,39,46,33,0.3870000000024447,18439.1283178702,3.6716499380417944E-5,1.8189894E-12,0.0,246.82313437387347,3.059772491455078,8.17708309367299,LOS,
75,32.0,0,-2116864.528196443,21,20,22,29,7,0.9940000000024156,17638.267051041126,-4.7077007639018115E-4,-9.094947E-13,0.0,554.038950432092,-3.696261651813984,30.259149700403214,LOS,
23,39.0,2,-2001794.4783846885,41,41,41,48,36,0.19100000000253203,17783.231458660215,-8.684651115318376E-5,5.3938104E-13,0.0,409.14174788072705,-0.08353471010923386,57.598644468933344,LOS,
1,77.0,2,-1996684.8241035827,41,40,42,42,19,0.4000000000014552,18108.866322044283,-9.345460939084832E-6,9.2913828E-13,0.0,82.24428988620639,0.32129233330488205,-10.131024185568094,NLOS,
3,46.0,2,-1935907.8180441298,29,28,28,36,19,0.2400000000016007,17899.493129793555,1.9359760303811182E-4,2.1955869E-11,0.0,292.1496915705502,-0.1938948929309845,53.662900138646364,NLOS,
4,65.0,2,-1995901.790862266,43,42,43,48,42,0.3919999999998254,18537.399561665952,-6.773087142727849E-6,1.6457642E-13,0.0,345.03832137584686,0.37571731209754944,-21.986002195626497,LOS,
8,44.0,2,-1989314.593108628,40,39,40,49,38,0.4279999999998836,17873.950862012804,1.7158576034658562E-5,4.6850583E-12,0.0,318.5292504020035,0.28197992593050003,565.348372142762,NLOS,
9,8.0,2,-2017481.6709293202,44,44,44,47,42,0.30900000000110595,17611.079089075327,-7.839967954541991E-5,-1.1732195E-11,0.0,581.2333159409463,0.3169134743511677,84.78187029063702,LOS,
73,26.0,0,-1958725.3924834132,36,29,29,37,21,0.24399999999877764,18547.483221236616,1.1720232942025169E-4,1.8189894E-12,0.0,355.17803774029016,3.7927722334861755,-31.48951806128025,NLOS,
74,48.0,0,-1982899.8194348626,34,33,38,46,33,0.45899999999892316,18444.75044046715,3.671650119940743E-5,1.8189894E-12,0.0,252.4452569745481,5.622122600674629,13.89315689727664,LOS,
75,32.0,0,-2135042.5814228617,21,20,22,29,7,1.2269999999989523,17619.520042315125,-4.7077007729967585E-4,-9.094947E-13,0.0,572.7859591580927,-18.747008726000786,16.006374645978212,LOS,
76,28.0,0,701767.1175231934,24,0,0,24,0,0.0,0.0,0.0,0.0,0.0,1.927971658479369E7,1.927971658479369E7,-2695660.3739448898,NLOS,
23,39.0,2,-2019986.9961465113,41,40,41,48,36,0.3070000000006985,17783.527373109013,-8.684651061380269E-5,5.3938104E-13,0.0,408.89321821555495,0.24852966517210007,57.81083917990327,LOS,
1,77.0,2,-2014878.8984637745,40,39,42,42,19,0.28800000000046566,18109.162499904633,-9.345460009946624E-6,9.2913828E-13,0.0,82.23322451859713,0.011065367609262466,-8.661906715482473,NLOS,
3,46.0,2,-1954100.8359634504,29,28,29,36,19,0.2849999999998545,17899.787429116666,1.9359762499398053E-4,2.1955869E-11,0.0,292.6652674563229,-0.5155758857727051,54.08188039064407,NLOS,
4,65.0,2,-2014094.6201692,44,43,43,48,42,0.28399999999965075,18537.693188276142,-6.773086978151438E-6,1.6457642E-13,0.0,345.05241015180945,0.014088775962591171,-21.76216719672084,LOS,
8,44.0,2,-2007507.178484138,41,40,40,49,38,0.2680000000000291,17874.229269109666,1.7158580719716815E-5,4.6850583E-12,0.0,318.51774518191814,0.011505220085382462,565.3296309262514,NLOS,
9,8.0,2,-2035674.5447919294,45,44,44,47,42,0.22599999999874854,17611.315064691007,-7.839969127761448E-5,-1.1732195E-11,0.0,581.2848684825003,-0.05155254155397415,85.04669440537691,LOS,
73,26.0,0,-1976917.4793750793,36,35,36,37,21,0.4900000000016007,18545.52994047478,1.1720233123924107E-4,1.8189894E-12,0.0,352.92496452480555,-2.253073215484619,-32.00760234519839,NLOS,
74,48.0,0,-2001095.1545136757,33,10,34,46,10,0.647000000000844,18442.22005360946,3.6716503018396805E-5,1.8189894E-12,0.0,249.61507765576243,-2.8301793187856674,16.623259756714106,LOS,
75,32.0,0,-2153238.46353155,21,21,21,29,7,0.04100000000107684,17637.444460246712,-4.7077007820917055E-4,-9.094947E-13,0.0,555.1613336838782,17.624625474214554,19.282689403742552,LOS,
76,28.0,0,983366.6035069153,24,0,0,24,0,0.0,0.0,0.0,0.0,0.0,1.898000290661202E7,1.898000290661202E7,-2995452.4654498845,NLOS,
23,39.0,2,-2038179.7834206782,41,40,41,48,36,0.2849999999998545,17783.821909535676,-8.684651007442165E-5,5.3938104E-13,0.0,408.86335376277566,0.02986445277929306,57.99275377765298,LOS,
1,77.0,2,-2033073.2616948448,40,39,41,42,19,0.1989999999968859,18109.36133473739,-9.345459080808419E-6,9.2913828E-13,0.0,81.83258651569486,0.40063800290226936,-6.903918370604515,NLOS,
3,46.0,0,-1972278.4846824817,28,7,29,36,7,0.12700000000040745,17899.912854965776,1.9359764694984924E-4,2.1955869E-11,0.0,308.01217230409384,-15.34690484777093,39.13166035339236,NLOS,
4,65.0,2,-2032287.5623046756,44,43,44,48,42,0.19100000000253203,18537.884343821555,-6.773086813575026E-6,1.6457642E-13,0.0,345.26512106880546,0.2127109169960022,-21.42550365254283,LOS,
8,44.0,2,-2025699.910348799,41,40,41,49,38,0.18900000000212458,17874.418305039406,1.7158585404775064E-5,4.6850583E-12,0.0,318.282067772001,0.23567740991711617,565.457378860563,NLOS,
9,8.0,2,-2053867.5005649924,45,44,45,47,42,0.11500000000160071,17611.428922683,-7.839970300980902E-5,-1.1732195E-11,0.0,581.1697097420692,0.11515874043107033,85.3934289701283,LOS,
73,26.0,0,-1995112.5551200025,35,34,36,37,21,-0.2849999999998545,18548.523309912533,1.1720233305823044E-4,1.8189894E-12,0.0,355.9183339588344,2.993369434028864,-29.536833375692368,NLOS,
74,48.0,0,-2019292.2346310318,35,31,34,46,10,0.4959999999991851,18444.12088323757,3.6716504837386175E-5,1.8189894E-12,0.0,251.51590728387237,1.900829628109932,21.09840115904808,LOS,
75,32.0,0,-2171420.033136118,22,21,21,29,7,-0.4320000000006985,17623.227487836033,-4.7077007911866525E-4,-9.094947E-13,0.0,569.3783060982823,-14.216972414404154,8.24650003761053,LOS,
76,28.0,0,965162.8701687418,25,24,24,25,0,1.5139999999992142,18282.30345224589,0.0,0.0,0.0,89.69793097674847,299803.37611264735,-2995441.33763298,NLOS,
23,39.0,2,-2056372.6360883228,40,40,41,48,36,0.1099999999969441,17783.932744760066,-8.684650953504063E-5,5.3938104E-13,0.0,408.7378385551274,0.12551520764827728,58.24006185308099,LOS,
1,77.0,2,-2051268.0940578096,40,39,40,42,19,0.4470000000001164,18109.809005919844,-9.34545815167021E-6,9.2913828E-13,0.0,81.55147306248546,0.2811134532094002,-4.97659058496356,NLOS,
3,46.0,0,-1990446.0320676602,26,25,29,36,7,0.2819999999992433,17900.195843733847,1.93597668905718E-4,2.1955869E-11,0.0,318.39099944755435,-10.378827143460512,13.78031400591135,NLOS,
4,65.0,2,-2050480.8214686252,44,43,44,48,42,0.4039999999986321,18538.287864681333,-6.773086648998615E-6,1.6457642E-13,0.0,345.38222865760326,0.1171075887978077,-21.07160409539938,LOS,
8,44.0,2,-2043892.9943142757,41,40,41,49,38,0.3949999999967986,17874.811666481197,1.7158590089833314E-5,4.6850583E-12,0.0,318.14055655896664,0.1415112130343914,565.6374351531267,NLOS,
9,8.0,2,-2072060.77924224,45,44,45,47,42,0.35599999999976717,17611.78545339778,-7.839971474200357E-5,-1.1732195E-11,0.0,581.1133431121707,0.056366629898548126,85.76327526569366,LOS,
73,26.0,0,-2013303.9268799722,35,34,36,37,21,0.5269999999982247,18544.82384366542,1.1720233487721982E-4,1.8189894E-12,0.0,351.9190752543509,-3.999258704483509,-31.06984181702137,NLOS,
74,48.0,0,-2037485.6585019566,35,35,35,46,10,0.7380000000011933,18440.62041244656,3.6716506656375544E-5,1.8189894E-12,0.0,247.71564403921366,-3.8002632446587086,21.6175036765635,LOS,
75,32.0,0,-2189614.4393679686,22,22,22,29,7,1.055000000000291,17636.15967655927,-4.707700800281599E-4,-9.094947E-13,0.0,556.7459098286927,12.632396269589663,9.747145500034094,LOS,
76,28.0,0,946968.7411392927,25,24,25,25,0,0.29100000000107684,18272.855904355645,0.0,0.0,0.0,79.95059062540531,-9.747340351343155,-2995440.1139172614,NLOS,
23,39.0,2,-2074565.8582386263,41,40,41,48,36,0.4370000000017171,17784.370341315866,-8.68465089956596E-5,5.3938104E-13,0.0,408.6080248095095,0.12981374561786652,58.55706012994051,LOS,
1,77.0,2,-2069463.593517594,40,39,40,42,19,0.33799999999973807,18110.13763096556,-9.34545722253195E-6,9.2913828E-13,0.0,80.7726002894342,0.7788727730512619,-2.3821659833192825,NLOS,
3,46.0,0,-2008616.7350226752,27,26,28,36,7,0.14400000000023283,17900.32918247953,1.9359769086158804E-4,2.1955869E-11,0.0,315.2131440117955,3.177855435758829,-8.415462505072355,NLOS,
4,65.0,2,-2068674.3516289964,45,44,44,48,42,0.36200000000098953,18538.639788396657,-6.773086484422193E-6,1.6457642E-13,0.0,345.7531062439084,0.37087758630514145,-20.446708116680384,LOS,
8,44.0,2,-2062086.3297478408,42,41,41,49,38,0.3470000000015716,17875.149917501956,1.7158594774891845E-5,4.6850583E-12,0.0,317.7998898513615,0.3406667076051235,566.068959530443,NLOS,
9,8.0,2,-2090254.33955466,44,44,45,47,42,0.2969999999986612,17612.071699008346,-7.839972647419882E-5,-1.1732195E-11,0.0,580.7984808087349,0.31486230343580246,86.41475673392415,LOS,
73,26.0,0,-2031497.285648588,35,34,35,37,21,0.1349999999983993,18546.815394405276,1.1720233669620929E-4,1.8189894E-12,0.0,353.9106259942055,1.9915507398545742,-30.61584161221981,NLOS,
74,48.0,0,-2055681.9202199504,36,35,35,46,10,-0.22100000000136788,18443.614034302533,3.671650847536503E-5,1.8189894E-12,0.0,250.70926589146256,2.993621852248907,24.974453259259462,LOS,
75,32.0,0,-2207815.932380885,23,22,22,29,7,0.885999999998603,17643.34201579541,-4.7077008093765466E-4,-9.094947E-13,0.0,549.5635705962777,7.182339232414961,18.33457202464342,LOS,
76,28.0,0,928791.5036042929,25,24,25,25,0,-0.819999999999709,18256.121145546436,0.0,0.0,0.0,63.21583181619644,-16.73475880920887,-2995455.7816959918,NLOS,
23,39.0,2,-2092759.328453865,41,40,41,48,36,0.2779999999984284,17784.637254841626,-8.684650845627853E-5,5.3938104E-13,0.0,408.2998586781323,0.30816613137722015,59.12212333828211,LOS,
1,77.0,2,-2087659.315147221,40,39,40,42,19,0.26600000000325963,18110.413431424648,-9.345456293393744E-6,9.2913828E-13,0.0,81.03822233900428,-0.2656220495700836,-0.16515645384788513,NLOS,
3,46.0,0,-2026822.224288892,27,26,27,36,7,0.16600000000107684,17900.506438598037,1.935977128174567E-4,2.1955869E-11,0.0,281.00409250706434,34.20905150473118,3.575487270951271,NLOS,
4,65.0,2,-2086868.0554061867,45,44,45,48,42,0.24799999999959255,18538.898367527872,-6.7730863198457815E-6,1.6457642E-13,0.0,345.42696622014046,-0.32614002376794815,-20.247780233621597,LOS,
8,44.0,2,-2080279.8192158416,43,42,42,49,38,0.22899999999935972,17875.388186898082,1.7158599459950084E-5,4.6850583E-12,0.0,318.1561881676316,-0.356298316270113,566.0549334324896,NLOS,
9,8.0,2,-2108448.06832242,44,43,45,47,42,0.18700000000171713,17612.270114462823,-7.839973820639335E-5,-1.1732195E-11,0.0,581.1963054649532,-0.39782465621829033,86.63510862365365,LOS,
73,26.0,0,-2049691.009988062,35,34,35,37,21,0.3540000000029977,18547.18546659127,1.1720233851519867E-4,1.8189894E-12,0.0,353.68111326545477,-0.22951272875070572,-30.395855464041233,NLOS,
74,48.0,0,-2073880.6196597628,37,36,36,46,10,0.15799999999944703,18446.20748513192,3.671651029435439E-5,1.8189894E-12,0.0,252.70313180238008,1.9938659109175205,30.169539742171764,LOS,
75,32.0,0,-2226007.694784373,23,22,23,29,7,-0.6849999999976717,17633.70706260577,-4.7077008184714936E-4,-9.094947E-13,0.0,559.7981086969376,-10.234538100659847,16.591804210096598,LOS,
76,28.0,0,910585.3681529202,25,24,25,25,0,0.42899999999644933,18285.175758078694,0.0,0.0,0.0,91.67085942998528,28.455027613788843,-2995443.1511432678,NLOS,
23,39.0,2,-2110952.9720665514,42,41,41,48,36,0.2180000000007567,17784.86597396061,-8.684650791689751E-5,5.3938104E-13,0.0,408.66589307785034,-0.3660343997180462,59.26099908351898,LOS,
1,77.0,2,-2105854.596874915,39,39,40,42,19,0.2069999999985157,18110.61900637299,-9.345455364255542E-6,9.2913828E-13,0.0,81.36632944643497,-0.3281071074306965,1.6119511425495148,NLOS,
3,46.0,0,-2045031.6502294987,28,27,27,36,7,0.2739999999976135,17900.778703793883,1.9359773477332535E-4,2.1955869E-11,0.0,277.0451068840921,3.95898562297225,19.50311143323779,NLOS,
4,65.0,2,-2105061.868923936,46,45,45,48,42,0.1889999999984866,18539.086576599628,-6.77308615526937E-6,1.6457642E-13,0.0,345.63654485344887,0.20957863330841064,-19.939111791551113,LOS,
8,44.0,2,-2098473.4144860394,43,43,43,49,38,0.18900000000212458,17875.577290233225,1.715860414500832E-5,4.6850583E-12,0.0,317.9611385092139,0.19504965841770172,566.1467095278203,NLOS,
9,8.0,2,-2126641.860641554,44,43,44,47,42,0.10399999999935972,17612.37270270288,-7.839974993858785E-5,-1.1732195E-11,0.0,581.0994777269661,0.09682773798704147,86.91901188716292,LOS,
73,26.0,0,-2067882.7034778781,34,25,35,37,21,-0.16600000000107684,18545.15914208442,1.1720234033418803E-4,1.8189894E-12,0.0,351.6547887586057,-2.0263245068490505,-32.20671897381544,NLOS,
74,48.0,0,-2092078.178631138,37,37,37,46,10,0.5410000000010768,18445.222745146602,3.671651211334376E-5,1.8189894E-12,0.0,251.71839182078838,-0.9847399815917015,34.22415779158473,LOS,
75,32.0,0,-2244201.9296232425,23,22,23,29,7,0.29499999999825377,17636.275150168687,-4.7077008275664406E-4,-9.094947E-13,0.0,557.2300211377442,2.5680875591933727,17.32147177308798,LOS,
76,28.0,0,892378.7611648366,24,17,25,25,0,0.1680000000014843,18285.80396591872,0.0,0.0,0.0,92.299067273736,0.6282078437507153,-2995430.049053829,NLOS,
23,39.0,2,-2129146.7136860974,43,42,42,48,36,0.15100000000165892,17785.016306396574,-8.684650737751648E-5,5.3938104E-13,0.0,408.5077560953796,0.1581369824707508,59.497881684452295,LOS,
1,77.0,2,-2124049.449210573,40,39,40,42,19,0.2789999999986321,18110.89046807587,-9.34545443511728E-6,9.2913828E-13,0.0,81.98371732234955,-0.6173878759145737,2.6598742455244064,NLOS,
3,46.0,2,-2063228.9451960698,29,28,28,36,7,0.1930000000029395,17900.962004572153,1.9359775672919536E-4,2.1955869E-11,0.0,289.4535761959851,-12.408469311892986,22.999969106167555,NLOS,
4,65.0,2,-2123255.880097408,46,45,46,48,42,0.282999999999447,18539.360481128097,-6.773085990692949E-6,1.6457642E-13,0.0,345.634256336838,-0.0022885166108608246,-19.732580084353685,LOS,
8,44.0,2,-2116667.205745496,44,43,43,49,38,0.26199999999880674,17875.82981737703,1.715860883006684E-5,4.6850583E-12,0.0,317.97569904103875,-0.014560531824827194,566.1346824243665,NLOS,
9,8.0,2,-2144835.8042700365,44,44,44,47,42,0.20300000000133878,17612.56729406491,-7.839976167078309E-5,-1.1732195E-11,0.0,581.2147132530808,-0.11523552611470222,87.05443204194307,LOS,
73,26.0,0,-2086064.9797200896,23,23,35,37,21,-0.2760000000016589,18535.746443629265,1.172023421531775E-4,1.8189894E-12,0.0,341.9422978423536,-9.712490916252136,-43.73462254926562,NLOS,
74,48.0,0,-2110274.820404209,38,37,37,46,10,0.004000000000814907,18444.461274839938,3.671651393233324E-5,1.8189894E-12,0.0,250.65712905675173,-1.0612627640366554,37.06178507953882,LOS,
75,32.0,0,-2262396.6555404477,23,22,23,29,7,0.08599999999933061,17636.861876454204,-4.7077008366613876E-4,-9.094947E-13,0.0,556.9430873095989,0.2869338281452656,18.242425214499235,LOS,
76,28.0,0,874189.1153826602,18,17,25,25,0,0.03600000000005821,18268.999406237155,0.0,0.0,0.0,75.19471513479948,-17.10435213893652,-2995434.207962755,NLOS,
23,39.0,2,-2147340.618899647,44,43,43,48,36,0.23999999999796273,17785.246697068214,-8.684650683813541E-5,5.3938104E-13,0.0,408.58384749665856,-0.07609140127897263,59.598565831780434,LOS,
1,77.0,2,-2142244.506098956,39,39,40,42,19,0.3960000000006403,18111.295843381435,-9.345453505979077E-6,9.2913828E-13,0.0,81.66735094040632,0.31636638194322586,3.912350073456764,NLOS,
3,46.0,2,-2081426.1511903778,34,29,29,36,7,0.29499999999825377,17901.26812902838,1.93597778685064E-4,2.1955869E-11,0.0,289.5202115289867,-0.06663533300161362,26.40785451233387,NLOS,
4,65.0,2,-2141450.145695191,46,45,46,48,42,0.364000000001397,18539.73346832022,-6.773085826116538E-6,1.6457642E-13,0.0,345.98847548291087,0.35421914607286453,-19.27162406593561,LOS,
8,44.0,2,-2134861.2765813693,44,43,44,49,38,0.35900000000037835,17876.200176671147,1.7158613515125073E-5,4.6850583E-12,0.0,317.60682632401586,0.3688727170228958,566.4022317416966,NLOS,
9,8.0,2,-2163030.0355191343,45,44,44,47,42,0.3220000000001164,17612.8984605819,-7.83997734029776E-5,-1.1732195E-11,0.0,580.893766976893,0.32094627618789673,87.47747281193733,LOS,
73,26.0,0,-2104255.266863402,22,14,34,37,14,2.063000000001921,18543.7618528679,1.1720234397216688E-4,1.8189894E-12,0.0,349.95770708471537,8.015409242361784,-47.25162502005696,NLOS,
74,48.0,0,-2128469.653802011,38,37,38,46,10,1.0730000000003201,18442.808581519872,3.67165157513226E-5,1.8189894E-12,0.0,249.0044357329607,-1.652693323791027,38.09103709459305,LOS,
75,32.0,0,-2280596.995682467,23,22,23,29,7,1.4259999999994761,17642.571847509593,-4.7077008457563346E-4,-9.094947E-13,0.0,551.2331162542105,5.709971055388451,24.777603469789028,LOS,
76,28.0,0,856006.2223895378,16,16,24,25,0,0.35099999999874854,18262.40322393179,0.0,0.0,0.0,68.59853282570839,-6.596182309091091,-2995445.119660739,NLOS,
23,39.0,2,-2165534.8089962862,44,43,44,48,36,0.3220000000001164,17785.579474940896,-8.684650629875439E-5,5.3938104E-13,0.0,408.23880533128977,0.3450421653687954,59.98413306847215,LOS,
1,77.0,2,-2160439.5123257563,39,38,40,42,19,0.2800000000024738,18111.575524497777,-9.345452576840875E-6,9.2913828E-13,0.0,81.90598949790001,-0.23863855749368668,4.814371861517429,NLOS,
3,46.0,2,-2099623.458616264,35,34,34,36,7,0.19700000000011642,17901.464640077204,1.935978005831291E-4,2.1953758E-11,0.0,289.69988352432847,-0.1796719953417778,29.617361713200808,NLOS,
4,65.0,2,-2159644.584603388,46,45,46,48,42,0.27700000000186265,18540.01122894138,-6.773085661540127E-6,1.6457642E-13,0.0,345.9617981053889,-0.02667737752199173,-18.937150090932846,LOS,
8,44.0,2,-2153055.5273503326,44,44,44,49,38,0.2680000000000291,17876.46754326299,1.7158618200183302E-5,4.6850583E-12,0.0,317.63739397376776,-0.030567649751901627,566.5499216876924,NLOS,
9,8.0,2,-2181224.418263022,45,44,45,47,42,0.19700000000011642,17613.09607448429,-7.839978513517209E-5,-1.1732195E-11,0.0,581.0087673068047,-0.11500032991170883,87.75221591442823,LOS,
73,26.0,0,-2122439.9753246605,19,18,23,37,14,0.5040000000008149,18538.187702622265,1.1720234579115624E-4,1.8189894E-12,0.0,344.0837643779814,-5.873942706733942,-56.64710200577974,NLOS,
74,48.0,0,-2146666.4963766746,38,37,38,46,10,0.15599999999903957,18444.973439641297,3.6716517570311966E-5,1.8189894E-12,0.0,250.86950140073895,1.8650656677782536,40.829673517495394,LOS,
75,32.0,0,-2298791.381377425,24,23,23,29,7,-0.4539999999979045,17636.713142871857,-4.707700854851281E-4,-9.094947E-13,0.0,557.3916133493185,-6.158497095108032,25.05854220688343,LOS,
76,28.0,0,837823.9920345917,18,17,18,25,0,1.4220000000022992,18261.897167611867,0.0,0.0,0.0,67.79268405213952,-0.8058487735688686,-2995456.9937893525,NLOS,
23,39.0,2,-2183729.1834620237,44,43,44,48,36,0.24799999999959255,17785.82732514292,-8.684650575937336E-5,5.3938104E-13,0.0,408.2940923795104,-0.05528704822063446,60.25427694991231,LOS,
1,77.0,2,-2178634.6080684923,39,38,39,42,19,0.38799999999901047,18111.954689797014,-9.345451647702617E-6,9.2913828E-13,0.0,82.00444872304797,-0.09845922514796257,5.50611712411046,NLOS,
3,46.0,2,-2117820.213997204,35,34,35,36,7,0.30900000000110595,17901.763011336327,1.9359782253688788E-4,2.1953758E-11,0.0,290.525968529284,-0.8260850049555302,31.975048203021288,NLOS,
4,65.0,2,-2177839.293306634,46,45,46,48,42,0.375,18540.377493791282,-6.773085496963706E-6,1.6457642E-13,0.0,346.0316152870655,0.0698171816766262,-18.632673528045416,LOS,
8,44.0,2,-2171250.0504473187,45,44,44,49,38,0.3669999999983702,17876.82395528257,1.7158622885241816E-5,4.6850583E-12,0.0,317.57557137310505,0.06182260066270828,566.6701471991837,NLOS,
9,8.0,2,-2199419.0733238757,45,44,45,47,42,0.31899999999950523,17613.40537671745,-7.839979686736729E-5,-1.1732195E-11,0.0,581.0029739923775,0.005793314427137375,87.99948352575302,LOS,
73,26.0,0,-2140630.0196928605,25,19,22,37,14,-0.8440000000009604,18543.52816517651,1.1720234761014571E-4,1.8189894E-12,0.0,349.12443447485566,5.040670096874237,-61.00646450743079,NLOS,
74,48.0,0,-2164863.0451161787,37,37,38,46,10,0.10099999999874854,18444.835285134614,3.6716519389301444E-5,1.8189894E-12,0.0,250.43155443295836,-0.43794696778059006,42.974682319909334,LOS,
75,32.0,0,-2316990.4162610136,24,23,24,29,7,0.5940000000009604,17641.458069916815,-4.7077008639462287E-4,-9.094947E-13,0.0,552.9464787617326,4.445134587585926,29.68887711688876,LOS,
76,28.0,0,819670.519143559,20,19,18,25,0,0.4140000000006694,18233.296260744333,0.0,0.0,0.0,38.89198472350836,-28.900699328631163,-2995497.9251743406,NLOS,
23,39.0,2,-2201923.8120411374,45,44,44,48,36,0.3320000000021537,17786.149170633405,-8.68465052199923E-5,5.3938104E-13,0.0,408.2796580903232,0.014434289187192917,60.478741742670536,LOS,
1,77.0,2,-2196829.4948863797,39,38,39,42,19,0.05500000000029104,18112.018521491438,-9.345450718564416E-6,9.2913828E-13,0.0,82.40133175626397,-0.3968830332159996,5.6891450844705105,NLOS,
3,46.0,2,-2136017.165818561,35,34,35,36,7,-0.052999999999883585,17901.720900852233,1.935978444906453E-4,2.1953758E-11,0.0,290.60697677358985,-0.08100824430584908,34.229382652789354,NLOS,
4,65.0,2,-2196033.9397227876,46,45,46,48,42,0.03499999999985448,18540.421285800636,-6.773085332387295E-6,1.6457642E-13,0.0,345.7692968659103,-0.2623184211552143,-18.690276511013508,LOS,
8,44.0,2,-2189444.515202742,45,44,45,49,38,0.020000000000436557,17876.853096108884,1.7158627570300035E-5,4.6850583E-12,0.0,317.8443647958338,-0.26879342272877693,566.4322386905551,NLOS,
9,8.0,2,-2217613.660167724,45,45,45,47,42,-0.03299999999944703,17613.38054100424,-7.839980859956176E-5,-1.1732195E-11,0.0,581.3376365974545,-0.3346626050770283,87.8787416703999,LOS,
73,26.0,0,-2158831.084376421,29,28,25,37,14,-0.7870000000002619,18554.552995093167,1.1720234942913508E-4,1.8189894E-12,0.0,359.849471937865,10.725037463009357,-54.64530410245061,NLOS,
74,48.0,0,-2183064.1435625255,37,36,38,46,10,0.1290000000008149,18449.54062647,3.67165212082908E-5,1.8189894E-12,0.0,254.83710331097245,4.405548878014088,49.369605507701635,LOS,
75,32.0,0,-2335189.3014794923,24,23,24,29,7,-0.33000000000174623,17641.404241468757,-4.7077008730411757E-4,-9.094947E-13,0.0,553.300099670887,-0.35362090915441513,33.86975445598364,LOS,
76,28.0,0,801426.688490767,21,20,20,25,0,0.9589999999989232,18323.810540154576,0.0,0.0,0.0,129.10647167637944,90.21448695287108,-2995448.798590027,NLOS,
23,39.0,2,-2220118.3697595,45,44,45,48,36,-0.010000000002037268,17786.148509681225,-8.684650468061128E-5,5.3938104E-13,0.0,408.59014593809843,-0.31048784777522087,60.33255333080888,LOS,
1,77.0,2,-2215024.1850498132,39,38,39,42,19,0.023999999997613486,18112.040922522545,-9.345449789426217E-6,9.2913828E-13,0.0,82.18635779619217,0.21497396007180214,5.975311044603586,NLOS,
3,46.0,2,-2154214.499659147,35,34,35,36,7,-0.049000000002706656,17901.671099171042,1.935978664444027E-4,2.1953758E-11,0.0,289.90283535793424,0.704141415655613,37.165528789162636,NLOS,
4,65.0,2,-2214228.4981830902,46,45,46,48,42,0.02299999999740976,18540.445365611464,-6.773085167810884E-6,1.6457642E-13,0.0,346.0809048824012,0.3116080164909363,-18.536042891442776,LOS,
8,44.0,2,-2207638.911955498,45,44,45,49,38,0.016999999999825377,17876.8710841462,1.7158632255358254E-5,4.6850583E-12,0.0,317.5232394784689,0.3211253173649311,566.4261199720204,NLOS,
9,8.0,2,-2235808.1783141866,46,45,45,47,42,-0.04100000000107684,17613.338843293488,-7.839982033175624E-5,-1.1732195E-11,0.0,581.073223862797,0.264412734657526,87.98909489065409,LOS,
73,26.0,0,-2177029.696349878,30,29,29,37,14,0.2459999999991851,18552.10482371971,1.1720235124812444E-4,1.8189894E-12,0.0,357.70109301805496,-2.1483789198100567,-50.437061347067356,NLOS,
74,48.0,0,-2201266.918341983,37,36,37,46,10,-0.03900000000066939,18451.37259369716,3.671652302728016E-5,1.8189894E-12,0.0,256.96886299550533,2.131759684532881,57.74065426364541,LOS,
75,32.0,0,-2353384.339633558,24,23,24,29,7,0.04500000000189175,17637.65300905332,-4.707700882136122E-4,-9.094947E-13,0.0,556.7515396252275,-3.451439954340458,34.50335984304547,LOS,
76,28.0,0,783240.2510451637,22,21,21,25,0,-1.375,18266.573825974017,0.0,0.0,0.0,72.16954995319247,-56.93692172318697,-2995456.7654204443,NLOS,
23,39.0,2,-2238312.8485583067,45,44,45,48,36,-0.01299999999901047,17786.136050034314,-8.684650414123024E-5,5.3938104E-13,0.0,408.30913107842207,0.2810148596763611,60.40723782032728,LOS,
1,77.0,2,-2233219.0373287424,39,38,39,42,19,0.3389999999999418,18112.372666552663,-9.345448860287959E-6,9.2913828E-13,0.0,82.2121969871223,-0.025839190930128098,6.123800046741962,NLOS,
3,46.0,2,-2172410.6448204704,35,34,35,36,7,0.23300000000017462,17901.89468891546,1.9359788839816146E-4,2.1953758E-11,0.0,291.36899108439684,-1.4661557264626026,38.61320320889354,NLOS,
4,65.0,2,-2232423.2486916,46,45,46,48,42,0.31899999999950523,18540.75280418992,-6.773085003234464E-6,1.6457642E-13,0.0,346.072941955179,-0.007962927222251892,-18.4895535223186,LOS,
8,44.0,2,-2225833.4918610603,45,44,45,49,38,0.30500000000029104,17877.167353052646,1.715863694041676E-5,4.6850583E-12,0.0,317.5505483262241,-0.02730884775519371,566.3033615984023,NLOS,
9,8.0,2,-2254002.8927810937,46,45,46,47,42,0.25,17613.579788029194,-7.839983206395144E-5,-1.1732195E-11,0.0,581.1434067822993,-0.0701829195022583,87.9959760978818,LOS,
73,26.0,0,-2195228.8936362304,31,30,30,37,14,0.3400000000001455,18552.694699130952,1.1720235306711391E-4,1.8189894E-12,0.0,357.99117597192526,0.2900829538702965,-45.943298153579235,NLOS,
74,48.0,0,-2219465.9905201234,37,36,37,46,10,0.6450000000004366,18447.825625881553,3.6716524846269634E-5,1.8189894E-12,0.0,253.1221027262509,-3.846760269254446,62.10930924862623,LOS,
75,32.0,0,-2371583.2095262893,24,23,24,29,7,0.32999999999810825,17641.580575682223,-4.70770089123107E-4,-9.094947E-13,0.0,553.1237654574215,3.62777416780591,38.668911434710026,LOS,
76,28.0,0,765038.2823221907,22,21,22,25,0,0.8029999999998836,18282.261571712792,0.0,0.0,0.0,87.55750323459506,15.387953281402588,-2995449.5007659495,NLOS,
23,39.0,2,-2256507.5521949045,46,45,45,48,36,0.2809999999990396,17786.407627586275,-8.684650360184919E-5,5.3938104E-13,0.0,408.32396675273776,-0.014835674315690994,60.406967643648386,LOS,
1,78.0,2,-2251413.9945802093,38,38,39,42,19,0.18000000000029104,18112.561062976718,-9.345447931149759E-6,9.2913828E-13,0.0,82.29516220092773,-0.08296521380543709,6.077469125390053,LOS,
3,47.0,2,-2190606.5764935166,35,34,35,36,7,0.0970000000015716,17902.001987725496,1.9359791035191887E-4,2.1953758E-11,0.0,291.8599156960845,-0.4909246116876602,39.547596886754036,NLOS,
4,64.0,2,-2250618.0626550615,46,45,46,48,42,0.1680000000014843,18540.930852487683,-6.773084838658053E-6,1.6457642E-13,0.0,345.93633200228214,-0.13660995289683342,-18.67940165475011,LOS,
8,44.0,2,-2244028.1472484656,45,44,45,49,38,0.1640000000006694,17877.340395573527,1.715864162547498E-5,4.6850583E-12,0.0,317.6854744553566,-0.13492612913250923,565.9562926143408,NLOS,
9,8.0,2,-2272197.6853529103,46,45,46,47,42,0.10099999999874854,17613.690517116338,-7.839984379614589E-5,-1.1732195E-11,0.0,581.3317268639803,-0.1883200816810131,87.78116975352168,LOS,
73,26.0,0,-2213426.6706748307,31,30,31,37,14,-0.0020000000004074536,18551.274923838675,1.1720235488610326E-4,1.8189894E-12,0.0,356.271608222276,-1.7195677496492863,-43.1695751696825,NLOS,
74,48.0,0,-2237662.4194841497,37,36,37,46,10,0.35900000000037835,18445.33799882233,3.6716526665259E-5,1.8189894E-12,0.0,250.3346832022071,-2.7874195240437984,63.53495765477419,LOS,
75,32.0,0,-2389777.986391999,24,23,24,29,7,0.37299999999959255,17637.583475127816,-4.707700900326017E-4,-9.094947E-13,0.0,557.4206584654748,-4.296893008053303,38.44164355099201,LOS,
76,27.0,0,746827.827466663,22,22,22,25,0,-0.5260000000016589,18290.358472753316,0.0,0.0,0.0,95.35461181774735,7.797108583152294,-2995434.0497713573,NLOS,
23,39.0,2,-2274702.346778527,46,45,46,48,36,0.13100000000122236,17786.547038950026,-8.684650306246816E-5,5.3938104E-13,0.0,408.47264102473855,-0.14867427200078964,60.19785203039646,LOS,
1,78.0,2,-2269608.855868861,38,38,39,42,19,0.043000000001484295,18112.604086700827,-9.34544700201156E-6,9.2913828E-13,0.0,81.97947612777352,0.31568607315421104,6.2349678464233875,LOS,
3,47.0,2,-2208803.306792721,35,34,35,36,7,-0.06000000000130967,17901.941785648465,1.9359793230567626E-4,2.1953758E-11,0.0,290.7391548603773,1.1207608357071877,41.580409184098244,NLOS,
4,64.0,2,-2268812.7733050548,46,45,46,48,42,0.03499999999985448,18540.965370178223,-6.773084674081643E-6,1.6457642E-13,0.0,346.2325485982001,0.29621659591794014,-18.67277080193162,LOS,
8,44.0,2,-2262222.702164363,45,44,45,49,38,0.013999999999214197,17877.353088911623,1.7158646310533196E-5,4.6850583E-12,0.0,317.39677396044135,0.28870049491524696,565.8085445798934,NLOS,
9,8.0,2,-2290392.412424948,46,45,46,47,42,-0.03299999999944703,17613.657612599432,-7.839985552834036E-5,-1.1732195E-11,0.0,581.0640956312418,0.2676312327384949,87.80065609142184,LOS,
73,26.0,0,-2231624.3034621812,32,31,31,37,14,-0.49399999999877764,18551.139662910253,1.1720235670509262E-4,1.8189894E-12,0.0,356.4361397512257,0.16453152894973755,-40.24031097814441,NLOS,
74,48.0,0,-2255862.757484503,37,36,37,46,10,-0.23400000000037835,18449.40262168646,3.671652848424835E-5,1.8189894E-12,0.0,254.6990985274315,4.3644153252244,69.16943484917283,LOS,
75,32.0,0,-2407969.1969124973,24,23,24,29,7,0.5,17634.113051995635,-4.707700909420963E-4,-9.094947E-13,0.0,560.5912891440094,-3.1706306785345078,34.9478229098022,LOS,
76,27.0,0,728626.5322059616,23,22,22,25,0,-0.05199999999967986,18281.91256736219,0.0,0.0,0.0,87.20849888399243,-8.146112933754921,-2995427.458579134,NLOS,
23,39.0,2,-2292897.0781068355,46,46,46,48,36,-0.011999999998806743,17786.53649868816,-8.684650252308714E-5,5.3938104E-13,0.0,408.17595594003797,0.2966850847005844,60.22527356445789,LOS,
31,40.0,0,-2170337.96548865,40,0,0,40,0,0.0,0.0,3.232773639979454E-4,-7.8354402E-13,0.0,2.1907155478290495E7,2.1907155478290495E7,453.15468418225646,NLOS,
1,78.0,2,-2287803.6783158816,38,37,38,42,19,0.046999999998661224,18112.642540242523,-9.345446072873303E-6,9.2913828E-13,0.0,82.2062520198524,-0.2267758920788765,6.053832478821278,LOS,
3,47.0,2,-2227001.301713042,34,34,35,36,7,-0.02599999999802094,17901.90679315105,1.9359795425943498E-4,2.1953758E-11,0.0,289.7519978284836,0.9871570318937302,44.57805014029145,NLOS,
4,64.0,2,-2287007.4110371023,46,45,46,48,42,0.037000000000261934,18540.993872240186,-6.773084509505222E-6,1.6457642E-13,0.0,345.9595858231187,-0.2729627750813961,-19.038850352168083,LOS,
8,44.0,2,-2280417.1616272703,45,44,45,49,38,0.03299999999944703,17877.376556389034,1.7158650995591696E-5,4.6850583E-12,0.0,317.70264472812414,-0.30587076768279076,565.2655510939658,NLOS,
9,8.0,2,-2308587.0681940503,46,46,46,47,42,-0.02899999999863212,17613.619061924517,-7.839986726053554E-5,-1.1732195E-11,0.0,581.4018812924623,-0.33778566122055054,87.44904703274369,LOS,
73,26.0,0,-2249822.0723732673,32,32,32,37,14,0.385999999998603,18551.28031586483,1.1720235852408209E-4,1.8189894E-12,0.0,356.27700024843216,-0.1591395027935505,-37.4747155085206,NLOS,
74,48.0,0,-2274067.4208641388,37,36,37,46,10,-0.18599999999787542,18453.883586924523,3.6716530303237824E-5,1.8189894E-12,0.0,258.88027130812407,4.181172780692577,78.82949886843562,LOS,
75,32.0,0,-2426166.069689449,24,23,24,29,7,-0.37299999999959255,17639.871226266026,-4.707700918515911E-4,-9.094947E-13,0.0,555.1329073272645,5.458381816744804,36.816466268152,LOS,
76,27.0,0,710443.1755486578,23,22,23,25,0,0.8549999999995634,18264.130795489997,0.0,0.0,0.0,69.12693455442786,-18.08156432956457,-2995439.105782766,NLOS,
23,39.0,2,-2311091.758874126,47,46,46,48,36,0.0,17786.52655106783,-8.684650198370607E-5,5.3938104E-13,0.0,408.46618462726474,-0.2902286872267723,59.90234161913395,LOS,
31,40.0,0,-2188524.7251028866,41,40,40,41,0,0.4530000000013388,18312.118042632937,3.2327736321440133E-4,-7.8354402E-13,0.0,109.88322893157601,-2.4155651817366257E7,444.91020258143544,NLOS,
1,78.0,2,-2305998.332953308,38,37,38,42,19,0.08400000000256114,18112.735077798367,-9.345445143735101E-6,9.2913828E-13,0.0,82.26218662038445,-0.0559346005320549,5.704887520521879,LOS,
3,47.0,2,-2245200.363113776,34,33,35,36,7,-0.027000000001862645,17901.88925443217,1.935979762131924E-4,2.1953758E-11,0.0,288.66314916312695,1.088848665356636,48.64217150956392,NLOS,
4,64.0,2,-2305201.9922458306,46,45,46,48,42,0.0610000000015134,18541.06342974305,-6.773084344928812E-6,1.6457642E-13,0.0,346.00275655835867,0.043170735239982605,-19.46145322173834,LOS,
8,44.0,2,-2298611.581927832,45,44,45,49,38,0.052999999999883585,17877.43982961774,1.7158655680649916E-5,4.6850583E-12,0.0,317.6523790732026,0.05026565492153168,564.6833952665329,NLOS,
9,8.0,2,-2326781.6870463006,46,46,46,47,42,-0.004000000000814907,17613.62426631525,-7.839987899273001E-5,-1.1732195E-11,0.0,581.405410580337,-0.003529287874698639,87.06052112206817,LOS,
73,26.0,0,-2268016.592573736,33,32,32,37,14,-0.4349999999976717,18548.036093704402,1.1720236034307146E-4,1.8189894E-12,0.0,353.0327780880034,-3.2442221604287624,-37.95783065631986,NLOS,
74,48.0,0,-2292278.4477560706,36,36,37,46,10,0.5900000000001455,18460.402638867497,3.671653212222718E-5,1.8189894E-12,0.0,265.3993232510984,6.519051942974329,94.85307518392801,LOS,
75,32.0,0,-2444358.095853992,24,24,24,29,7,-1.315999999998894,17635.12062960118,-4.707700927610857E-4,-9.094947E-13,0.0,559.8835039958358,-4.750596668571234,33.8384972140193,LOS,
76,27.0,0,692240.4314391166,23,22,23,25,0,-0.35499999999956344,18283.675039350986,0.0,0.0,0.0,88.67117841541767,19.54424386098981,-2995431.3655341603,NLOS,
23,39.0,2,-2329286.410253048,47,46,47,48,36,0.021999999997206032,17786.557896718383,-8.684650144432504E-5,5.3938104E-13,0.0,408.43539644032717,0.030788186937570572,59.550021309405565,LOS,
31,40.0,2,-2206716.8234426193,40,39,41,41,0,-0.11900000000241562,18312.825488328934,3.2327736243085737E-4,-7.8354402E-13,0.0,115.34772584587336,5.464496914297342,442.0044464804232,NLOS,
1,78.0,2,-2324193.2329999693,38,37,38,42,19,0.2599999999983993,18112.98644001782,-9.345444214596847E-6,9.2913828E-13,0.0,81.60511315613985,0.6570734642446041,5.901144251227379,LOS,
3,47.0,2,-2263399.9570101276,34,33,34,36,7,0.19700000000011642,17902.077087067068,1.935979981669511E-4,2.1953758E-11,0.0,287.8085244111717,0.8546247519552708,53.53858095407486,NLOS,
4,64.0,2,-2323396.7299697474,46,45,46,48,42,0.260999999998603,18541.317068416625,-6.773084180352391E-6,1.6457642E-13,0.0,346.55878921225667,0.5560326538980007,-19.427748445421457,LOS,
8,44.0,2,-2316806.1731978953,45,44,45,49,38,0.24600000000282307,17877.67548862472,1.7158660365708416E-5,4.6850583E-12,0.0,317.0922132059932,0.5601658672094345,564.5720013976097,NLOS,
9,8.0,2,-2344976.442594912,46,46,46,47,42,0.1889999999984866,17613.804320663214,-7.839989072492519E-5,-1.1732195E-11,0.0,580.9355981945992,0.46981238573789597,87.10848403349519,LOS,
73,26.0,0,-2286211.7659642957,33,32,33,37,14,0.4179999999978463,18548.693817753345,1.1720236216206093E-4,1.8189894E-12,0.0,353.9902945943177,0.9575165063142776,-37.48796325549483,NLOS,
74,48.0,0,-2310490.1976919807,36,35,37,46,10,0.091999999996915,18461.28123696521,3.671653394121665E-5,1.8189894E-12,0.0,266.57771380618215,1.1783905550837517,111.89948793500662,LOS,
75,32.0,0,-2462554.5083562434,25,24,24,29,7,1.3430000000007567,17639.602945070714,-4.707700936705805E-4,-9.094947E-13,0.0,555.1013960652053,4.7821079306304455,35.54665832966566,LOS,
76,27.0,0,674061.3669945821,23,22,23,25,0,1.782999999999447,18260.152145843953,0.0,0.0,0.0,65.44807736575603,-23.223101049661636,-2995447.005158104,NLOS,
23,39.0,2,-2347481.1978804357,47,46,47,48,36,0.21600000000034925,17786.764308284968,-8.684650090494399E-5,5.3938104E-13,0.0,407.9392268434167,0.4961695969104767,59.63374192267656,LOS,
31,40.0,2,-2224908.1236760803,40,39,41,41,0,0.2890000000006694,18313.104573234916,3.232773616473133E-4,-7.8354402E-13,0.0,114.9751930013299,-0.37253284454345703,438.60037656128407,NLOS,
1,78.0,2,-2342388.0214858465,38,37,38,42,19,0.030999999999039574,18113.025976318866,-9.345443285458646E-6,9.2913828E-13,0.0,81.9045778401196,-0.2994646839797497,5.686047740280628,LOS,
3,47.0,0,-2281645.6415668204,34,25,34,36,7,-0.06999999999970896,17902.016189012676,1.935980201207085E-4,2.1953758E-11,0.0,241.99527982622385,45.813244584947824,104.22585828229785,NLOS,
4,64.0,2,-2341591.380731631,46,45,46,48,42,0.004000000000814907,18541.32922013104,-6.773084015775981E-6,1.6457642E-13,0.0,346.27170591428876,-0.28708329796791077,-19.78079815581441,LOS,
8,44.0,2,-2335000.7167027816,45,44,45,49,38,-0.0020000000004074536,17877.684476025403,1.715866505076663E-5,4.6850583E-12,0.0,317.3503135032952,-0.2581002973020077,564.113049890846,NLOS,
9,8.0,2,-2363171.1069995277,46,46,46,47,42,-0.055999999996856786,17613.75698440522,-7.839990245711965E-5,-1.1732195E-11,0.0,581.2931329868734,-0.3575347922742367,86.76551048830152,LOS,
73,26.0,0,-2304406.638343379,33,32,33,37,14,-0.44900000000052387,18548.397299289703,1.1720236398105028E-4,1.8189894E-12,0.0,353.3939836733043,-0.5963109210133553,-37.618899788707495,NLOS,
74,48.0,0,-2328704.954424016,36,35,36,46,10,-0.466999999996915,18464.443540696055,3.671653576020601E-5,1.8189894E-12,0.0,269.44022507965565,2.862511273473501,131.65290435403585,LOS,
75,32.0,0,-2480750.819323633,25,24,25,29,7,0.08099999999831198,17639.59748613462,-4.707700945800752E-4,-9.094947E-13,0.0,555.4066474623978,-0.3052513971924782,36.85349212214351,LOS,
76,27.0,0,655864.3285054229,23,22,23,25,0,-1.0289999999986321,18278.282922070473,0.0,0.0,0.0,83.27906113490462,17.830983769148588,-2995444.9705298804,NLOS,
23,39.0,2,-2365675.9125476964,48,47,47,48,36,-0.024999999997817213,17786.747998122126,-8.684650036556296E-5,5.3938104E-13,0.0,408.2517988458276,-0.31257200241088867,59.34470994770527,LOS,
31,40.0,2,-2243103.3350785486,40,39,40,41,0,0.030999999999039574,18313.145580831915,3.232773608637693E-4,-7.8354402E-13,0.0,118.71233113110065,3.7371381297707558,438.8076831921935,NLOS,
1,78.0,2,-2360582.741580546,38,37,38,42,19,-0.030999999999039574,18112.994960606098,-9.345442356320447E-6,9.2913828E-13,0.0,81.861078761518,0.04349907860159874,5.4025600515306,LOS,
3,47.0,0,-2299818.8339081593,25,24,34,36,7,0.20899999999892316,17902.224330242723,1.9359804207446589E-4,2.1953758E-11,0.0,314.46513245627284,-72.46985263004899,82.42092025652528,NLOS,
4,64.0,2,-2359785.928109646,46,45,46,48,42,-0.0290000000022701,18541.300059877336,-6.77308385119957E-6,1.6457642E-13,0.0,346.26800332963467,-0.0037025846540927887,-20.237231738865376,LOS,
8,44.0,2,-2353195.15925055,45,44,45,49,38,-0.049000000002706656,17877.635435011238,1.7158669735824844E-5,4.6850583E-12,0.0,317.3618183359504,-0.011504832655191422,563.5531412698328,NLOS,
9,8.0,2,-2381365.6347700097,46,46,46,47,42,-0.09400000000096043,17613.66345944628,-7.839991419407615E-5,-1.1732465E-11,0.0,581.3963221460581,-0.10318915918469429,86.28590138629079,LOS,
73,26.0,0,-2322602.0800129585,33,32,33,37,14,-0.12899999999717693,18548.97110704705,1.1720236580003964E-4,1.8189894E-12,0.0,353.96779143065214,0.5738077573478222,-37.18054582551122,NLOS,
74,48.0,0,-2346914.067961201,36,35,36,46,10,0.41999999999825377,18458.955852903426,3.671653757919537E-5,1.8189894E-12,0.0,263.95253728702664,-5.4876877926290035,145.7631259225309,LOS,
75,32.0,0,-2498943.9413419403,25,24,25,29,7,-0.2429999999985739,17636.50460843742,-4.7077009548956983E-4,-9.094947E-13,0.0,558.4995251595974,-3.092877697199583,34.971376832574606,LOS,
76,27.0,0,637667.2419772036,23,22,23,25,0,0.2530000000006112,18278.335272729397,0.0,0.0,0.0,83.33141179382801,0.05235065892338753,-2995442.8878625967,NLOS,
23,39.0,2,-2383870.5096486285,48,47,48,48,36,-0.07600000000093132,17786.672378387302,-8.684649982618194E-5,5.3938104E-13,0.0,408.3092079386115,-0.05740909278392792,58.938111647963524,LOS,
31,40.0,2,-2261294.98595082,39,38,40,41,0,-0.7710000000006403,18312.374763287604,3.232773600802253E-4,-7.8354402E-13,0.0,115.2775649279356,-3.4347662031650543,435.4544596262276,NLOS,
1,78.0,2,-2378777.4059153274,39,38,38,42,19,0.01900000000023283,18113.004451222718,-9.34544142718219E-6,9.2913828E-13,0.0,81.50515427440405,0.35592448711395264,5.363104905933142,LOS,
3,47.0,0,-2317994.9251923077,24,23,34,36,7,-0.30499999999665306,17901.91082276404,1.9359806402822463E-4,2.1953758E-11,0.0,311.24404844269156,3.221084013581276,63.81471749767661,NLOS,
4,64.0,2,-2377980.367410604,46,45,46,48,42,0.0,18541.29130261764,-6.773083686623149E-6,1.6457642E-13,0.0,346.55941013619304,0.2914068065583706,-20.501949921250343,LOS,
8,44.0,2,-2371389.5126461685,45,44,45,49,38,-0.0039999999971769284,17877.6219792217,1.715867442088335E-5,4.6850583E-12,0.0,317.0617308206856,0.3000875152647495,563.2038729526103,NLOS,
9,8.0,2,-2399560.0415885784,46,46,46,47,42,-0.07200000000011642,17613.58192985505,-7.839992592654174E-5,-1.1732465E-11,0.0,581.1841901056468,0.2121320404112339,85.98513416945934,LOS,
73,26.0,0,-2340797.88551116,33,32,33,37,14,0.20099999999729334,18549.33947718516,1.1720236761902911E-4,1.8189894E-12,0.0,354.6359540261328,0.6681625954806805,-36.078570783138275,NLOS,
74,48.0,0,-2365116.181823846,36,35,36,46,10,0.5449999999982538,18452.11168493703,3.671653939818484E-5,1.8189894E-12,0.0,257.408161778003,-6.544375509023666,153.1734654083848,LOS,
75,32.0,0,-2517137.491879463,25,24,25,29,7,0.4359999999978754,17637.029194455594,-4.707700963990646E-4,-9.094947E-13,0.0,557.6751466803253,0.8243784792721272,33.817573219537735,LOS,
76,27.0,0,619464.8140863627,22,22,23,25,0,-2.0210000000006403,18283.989143274724,0.0,0.0,0.0,89.28507479652762,5.953663002699614,-2995435.164040234,NLOS,
23,39.0,2,-2402065.003589876,48,47,48,48,36,-0.03900000000066939,17786.623592048883,-8.684649928680087E-5,5.3938104E-13,0.0,408.05244133993983,0.25676659867167473,58.728146117180586,LOS,
31,40.0,2,-2279498.9014088623,39,38,40,41,0,0.7930000000014843,18313.1579105407,3.2327735929668124E-4,-7.8354402E-13,0.0,127.96770961210132,12.690144684165716,444.66561429202557,NLOS,
1,78.0,2,-2396971.8820693903,39,38,39,42,19,-0.1640000000006694,18112.851062841713,-9.345440498043989E-6,9.2913828E-13,0.0,81.28163386881351,0.2235204055905342,5.435261499136686,LOS,
3,47.0,0,-1.7536737460556924E7,23,7,25,36,7,-2.731999999999971,17900.019595015794,0.0,0.0,0.0,58340.664605963975,-58029.42055752128,1.5142572706327032E7,NLOS,
4,64.0,2,-2396174.5709118843,46,45,46,48,42,-0.17199999999866122,18541.12931112945,-6.773083522046739E-6,1.6457642E-13,0.0,346.72304040566087,0.16363026946783066,-20.702675320208073,LOS,
8,44.0,2,-2389583.6022633575,45,44,45,49,38,-0.18400000000110595,17877.44751554355,1.7158679105941573E-5,4.6850583E-12,0.0,316.9362162053585,0.12551461532711983,562.8906186707318,NLOS,
9,8.0,2,-2417754.177908752,46,45,46,47,42,-0.23500000000058208,17613.35674886778,-7.839993765900662E-5,-1.1732465E-11,0.0,581.1214712820947,0.06271882355213165,85.71366101875901,LOS,
73,26.0,0,-2358993.8185793906,33,32,33,37,14,0.010000000002037268,18549.471547737718,1.1720236943801847E-4,1.8189894E-12,0.0,355.0678170360625,0.431863009929657,-34.54923325404525,NLOS,
74,48.0,0,-2383309.310775075,36,35,36,46,10,-0.33999999999650754,18443.281482618302,3.6716541217174205E-5,1.8189894E-12,0.0,248.87775192037225,-8.53040985763073,151.89868593961,LOS,
75,32.0,0,-2535331.5051290914,25,24,25,29,7,-0.5469999999986612,17637.589407339692,-4.7077009730855923E-4,-9.094947E-13,0.0,556.8151413425803,0.8600053377449512,33.42627416551113,LOS,
76,27.0,0,601275.9101636,22,21,23,25,0,1.495999999999185,18270.62227648869,0.0,0.0,0.0,76.21800046786666,-13.067074328660965,-2995440.664393492,NLOS,
23,39.0,2,-2420259.2520950176,49,48,48,49,36,-0.21299999999973807,17786.421060141176,-8.684649874741986E-5,5.3938104E-13,0.0,407.9378992766142,0.11454206332564354,58.57253694161773,LOS,
31,40.0,2,-2297695.6975294724,39,38,39,41,0,-0.1529999999984284,18313.01447384432,3.2327735851313727E-4,-7.8354402E-13,0.0,121.27391159906983,-6.693798013031483,447.0572239793837,NLOS,
1,78.0,2,-2415166.5410248563,38,38,39,42,19,0.3070000000006985,18113.147999472916,-9.34543956890573E-6,9.2913828E-13,0.0,80.98692705854774,0.2947068102657795,5.6902194917202,LOS,
3,47.0,0,-1.7554652278487947E7,7,7,24,36,7,0.8649999999979627,17899.405063603073,0.0,0.0,0.0,279.5863449983299,58061.078260965645,1.5142293119982034E7,NLOS,
4,64.0,2,-2414368.963678073,46,45,46,48,42,0.2890000000006694,18541.40895355493,-6.773083357470318E-6,1.6457642E-13,0.0,347.0119739584625,0.28893355280160904,-20.714135814458132,LOS,
8,44.0,2,-2407777.8559781574,45,44,45,49,38,0.27599999999802094,17877.71261037886,1.7158683791000084E-5,4.6850583E-12,0.0,316.68264235556126,0.25357384979724884,562.7414619922638,NLOS,
9,8.0,2,-2435948.483567618,46,45,46,47,42,0.22100000000136788,17613.568553511053,-7.839994939147224E-5,-1.1732465E-11,0.0,580.9187719374895,0.20269934460520744,85.61152656003833,LOS,
73,26.0,0,-2377188.7103876173,33,32,33,37,14,0.049999999999272404,18548.43483396992,1.1720237125700794E-4,1.8189894E-12,0.0,354.0311032682657,-1.0367137677967548,-34.0611557289958,NLOS,
74,48.0,0,-2401505.0120373294,36,35,36,46,10,0.5039999999971769,18446.009998675436,3.6716543036163676E-5,1.8189894E-12,0.0,251.60626797378063,2.7285160534083843,153.1962174922228,LOS,
75,32.0,0,-2553529.3984697275,25,24,25,29,7,0.08599999999933061,17641.56443472579,-4.70770098218054E-4,-9.094947E-13,0.0,552.8401139527559,3.9750273898243904,36.91506612300873,LOS,
76,27.0,0,583097.9650065005,22,21,22,25,0,-3.712999999999738,18259.820591703057,0.0,0.0,0.0,65.41631568223238,-10.80168478563428,-2995457.1235124134,NLOS,
23,39.0,2,-2438453.6894953847,49,48,49,49,36,0.2540000000008149,17786.665261488408,-8.684649820803879E-5,5.3938104E-13,0.0,407.68886652588844,0.24903275072574615,58.60582299157977,LOS,
31,40.0,2,-2315893.6358547583,36,32,39,41,0,0.32699999999749707,18313.3310248591,3.232773577295932E-4,-7.8354402E-13,0.0,122.54187289252877,1.2679612934589386,450.5910383462906,NLOS,
1,78.0,2,-2433361.7229255848,38,37,39,42,19,0.6130000000011933,18113.77023096755,-9.34543863976753E-6,9.2913828E-13,0.0,80.65185210481286,0.3350749537348747,6.168330289423466,LOS,
3,47.0,0,-2372594.615699932,8,8,23,36,7,1.2770000000018626,17900.60412377864,1.9359812988949826E-4,2.1953758E-11,0.0,57758.66932334751,58038.25566834584,80.01234931871295,NLOS,
4,64.0,2,-2432563.865459703,46,45,46,48,42,0.5979999999981374,18542.01498182118,-6.773083192893907E-6,1.6457642E-13,0.0,347.32081128656864,0.30883732810616493,-20.516373321413994,LOS,
8,44.0,2,-2425972.6227858327,45,44,45,49,38,0.592000000000553,17878.31486146897,1.7158688476058306E-5,4.6850583E-12,0.0,316.3798120766878,0.3028302788734436,562.8056057356298,NLOS,
9,8.0,2,-2454143.297535777,46,45,46,47,42,0.5309999999990396,17614.10937325284,-7.839996112393712E-5,-1.1732465E-11,0.0,580.6768155433238,0.24195639416575432,85.71790893748403,LOS,
73,26.0,0,-2395382.983753737,33,32,33,37,14,0.5319999999992433,18547.820896763355,1.1720237307599731E-4,1.8189894E-12,0.0,353.11737360805273,-0.9137296602129936,-34.49131276458502,NLOS,
74,48.0,0,-2419704.028795872,36,35,36,46,10,0.9360000000015134,18449.480902828276,3.671654485515304E-5,1.8189894E-12,0.0,254.77737966924906,3.1711116954684258,157.50945287570357,LOS,
75,32.0,0,-2571723.703896299,25,24,25,29,7,0.7930000000014843,17638.07278836146,-4.707700991275487E-4,-9.094947E-13,0.0,556.6315527744591,-3.7914388217031956,36.51615155860782,LOS,
76,27.0,0,564885.7650603801,21,20,22,25,0,3.6599999999998545,18294.232421088964,0.0,0.0,0.0,99.52835261076689,34.11203692853451,-2995439.627634771,NLOS,
23,39.0,2,-2456648.6270042323,49,48,49,49,36,0.555000000000291,17787.228904515505,-8.684649766865776E-5,5.3938104E-13,0.0,407.42836076393723,0.2605057619512081,58.839425064623356,LOS,
31,40.0,2,-2334090.9413748085,33,32,39,41,0,0.625,18313.96564888954,3.232773569460492E-4,-7.8354402E-13,0.0,121.73501216247678,-0.8068607300519943,453.1922550201416,NLOS,
1,78.0,2,-2451556.4312800206,38,37,38,42,19,-0.28700000000026193,18113.483123533428,-9.345437710629331E-6,9.2913828E-13,0.0,81.01347443088889,-0.36162232607603073,6.172894798219204,LOS,
3,47.0,0,-2390814.4586502016,13,12,8,36,7,0.2779999999984284,17901.606519550085,1.9359815184325565E-4,2.1953758E-11,0.0,267.4028554111719,-58026.07217875868,105.15781268104911,NLOS,
4,64.0,2,-2450758.3904160447,46,45,46,48,42,-0.282999999999447,18541.731462415308,-6.773083028317496E-6,1.6457642E-13,0.0,347.0436097756028,-0.2772015109658241,-20.695436120033264,LOS,
8,44.0,2,-2444167.0058215037,45,44,45,49,38,-0.29499999999825377,17878.02061478421,1.7158693161116522E-5,4.6850583E-12,0.0,316.67405879125,-0.29424671456217766,562.4859774746001,NLOS,
9,8.0,2,-2472337.715058122,46,45,46,47,42,-0.3569999999999709,17613.752099700272,-7.839997285640198E-5,-1.1732465E-11,0.0,581.0398496240377,-0.36303408071398735,85.4278455004096,LOS,
73,26.0,0,-2413577.222026691,33,32,33,37,14,-0.7229999999981374,18547.79033209756,1.1720237489498667E-4,1.8189894E-12,0.0,353.08680893853307,-0.030564669519662857,-34.95656296983361,NLOS,
74,48.0,0,-2437901.1023572683,36,35,36,46,10,-1.055000000000291,18447.69311284274,3.6716546674142395E-5,1.8189894E-12,0.0,252.98958968371153,-1.787789985537529,159.87949111312628,LOS,
75,32.0,0,-2589920.1701470576,25,24,25,29,7,0.6149999999979627,17640.329877045006,-4.7077010003704334E-4,-9.094947E-13,0.0,554.3744640946388,2.257088679820299,38.27806117758155,LOS,
76,27.0,0,546660.1982104294,21,20,22,25,0,1.7150000000001455,18307.75633983314,0.0,0.0,0.0,113.05227135494351,13.523918744176626,-2995408.7648532987,NLOS,
23,39.0,2,-2474843.167202264,49,48,49,49,36,-0.3250000000007276,17786.90569744259,-8.684649712927674E-5,5.3938104E-13,0.0,407.76550456508994,-0.33714380115270615,58.67571632191539,LOS,
31,40.0,2,-2352281.9761727303,32,31,36,41,0,-0.25200000000040745,18313.71346313879,3.232773561625052E-4,-7.8354402E-13,0.0,115.59002918750048,-6.144982974976301,449.52274956181645,NLOS,
1,78.0,2,-2469750.9021465294,38,37,38,42,19,-0.09400000000096043,18113.379859678447,-9.345436781491073E-6,9.2913828E-13,0.0,80.83924444019794,0.17422999069094658,6.239763833582401,LOS,
3,47.0,0,-2409004.1187481806,21,13,13,36,7,0.672999999998865,17902.271770775318,1.935981737970144E-4,2.1953758E-11,0.0,297.263546012342,-29.860690601170063,100.42021621018648,NLOS,
4,64.0,2,-2468952.692208931,46,46,46,48,42,-0.11999999999898137,18541.603287950158,-6.773082863741076E-6,1.6457642E-13,0.0,347.2198733612895,0.17626358568668365,-20.7978699170053,LOS,
8,44.0,2,-2462361.1546682753,45,44,45,49,38,-0.13300000000162981,17877.878175243735,1.715869784617503E-5,4.6850583E-12,0.0,316.5189357288182,0.1551230624318123,562.2319527715445,NLOS,
9,8.0,2,-2490531.9283984117,46,45,46,47,42,-0.17599999999947613,17613.566619273275,-7.839998458886758E-5,-1.1732465E-11,0.0,580.9108575731516,0.12899205088615417,85.23339246585965,LOS,
73,26.0,0,-2431769.7114935964,33,32,33,37,14,0.532999999999447,18546.046079531312,1.1720237671397614E-4,1.8189894E-12,0.0,351.64234882965684,-1.4444601088762283,-36.87082676589489,NLOS,
74,48.0,0,-2456096.565478772,37,36,36,46,10,0.06599999999889405,18446.238080400974,3.6716548493131866E-5,1.8189894E-12,0.0,251.8343496993184,-1.1552399843931198,160.93888191506267,LOS,
75,32.0,0,-2608110.1922951154,25,24,25,29,7,-0.7239999999983411,17633.982033461332,-4.707701009465381E-4,-9.094947E-13,0.0,560.4225152172148,-6.048051122575998,33.89566055685282,LOS,
76,27.0,0,528469.5666343123,21,20,21,25,0,-1.495999999999185,18272.9780558832,0.0,0.0,0.0,78.57377986609936,-34.478491488844156,-2995412.5375531986,NLOS,
23,39.0,2,-2493037.473648049,49,48,49,49,36,-0.15799999999944703,17786.736733451486,-8.684649658989567E-5,5.3938104E-13,0.0,407.63932164013386,0.1261829249560833,58.578047785907984,LOS,
31,40.0,0,-2370461.400821451,31,18,33,41,0,0.14199999999982538,18313.848153345287,3.2327735537896114E-4,-7.8354402E-13,0.0,104.40541427582502,-11.184614911675453,434.54288735985756,NLOS,
1,78.0,2,-2487945.6640716307,38,37,38,42,19,0.4530000000013388,18113.842323500663,-9.345435852352873E-6,9.2913828E-13,0.0,80.7360362559557,0.10320818424224854,6.297899007797241,LOS,
3,47.0,0,-2427176.723756261,23,22,21,36,7,-0.1069999999999709,17902.174215711653,1.9359819575077183E-4,2.1953758E-11,0.0,314.59601917490363,-17.332473162561655,78.32773738354445,NLOS,
4,64.0,2,-2487147.3561955728,47,46,46,48,42,0.4419999999990978,18542.053727101535,-6.7730826991646645E-6,1.6457642E-13,0.0,347.3818552196026,0.16198185831308365,-20.837902411818504,LOS,
8,44.0,2,-2480555.6588059478,45,44,45,49,38,0.44100000000253203,17878.32749855891,1.715870253123325E-5,4.6850583E-12,0.0,316.37386460229754,0.1450711265206337,562.0334265120327,NLOS,
9,8.0,2,-2508726.5082996227,46,45,46,47,42,0.37700000000040745,17613.952145908028,-7.839999632133248E-5,-1.1732465E-11,0.0,580.810629222542,0.10022835060954094,85.10570789501071,LOS,
73,26.0,0,-2449964.4312525056,33,32,33,37,14,-0.4609999999993306,18548.28088402748,1.172023785329655E-4,1.8189894E-12,0.0,353.577360868454,1.9350120387971401,-36.85459101572633,NLOS,
74,48.0,0,-2474294.1035493724,37,36,37,46,10,0.897000000000844,18448.46839042753,3.671655031212123E-5,1.8189894E-12,0.0,253.7648672685027,1.9305175691843033,163.7734293565154,LOS,
75,32.0,0,-2626307.391236294,25,24,25,29,7,-0.15300000000206637,17641.25518405065,-4.7077010185603274E-4,-9.094947E-13,0.0,553.449157088995,6.973358128219843,36.390260595828295,LOS,
76,27.0,0,510285.47878741473,22,21,21,25,0,1.2439999999987776,18266.59127618745,0.0,0.0,0.0,71.88720770925283,-6.686572156846523,-2995423.1537747793,NLOS,
23,39.0,2,-2511232.1320784613,50,49,49,50,36,0.4059999999990396,17787.15281477943,-8.684649605051464E-5,5.3938104E-13,0.0,407.52693504840136,0.11238659173250198,58.5325714237988,LOS,
31,40.0,0,-2388637.480789665,24,23,32,41,0,0.38100000000122236,18314.238607611507,3.232773545954171E-4,-7.8354402E-13,0.0,100.88666355237365,-3.518750723451376,415.91855219751596,NLOS,
1,78.0,2,-2506139.9854022786,38,37,38,42,19,-0.25,18113.5829798989,-9.345434923214615E-6,9.2913828E-13,0.0,80.76489926874638,-0.02886301279067993,6.21523218229413,LOS,
3,47.0,0,-2445370.514519993,24,23,23,36,7,-0.4749999999985448,17901.690166294575,1.9359821770453058E-4,2.1953758E-11,0.0,293.08809293806553,21.507926236838102,77.72080666571856,NLOS,
4,64.0,2,-2505341.651567977,47,46,47,48,42,-0.26199999999880674,18541.783051412553,-6.773082534588244E-6,1.6457642E-13,0.0,347.4126443192363,0.030789099633693695,-20.946756690740585,LOS,
8,44.0,2,-2498749.785900116,45,44,45,49,38,-0.2750000000014552,17878.043163146824,1.715870721629176E-5,4.6850583E-12,0.0,316.3615665845573,0.012298017740249634,561.7576492056251,NLOS,
9,8.0,2,-2526920.722475454,46,45,46,47,42,-0.3260000000009313,17613.618331067264,-7.840000805379807E-5,-1.1732465E-11,0.0,580.8431650549173,-0.03253583237528801,84.91209039837122,LOS,
73,26.0,0,-2468158.8723032586,33,32,33,37,14,-0.7129999999997381,18548.00673323497,1.1720238035195498E-4,1.8189894E-12,0.0,353.6030025333166,0.02564166486263275,-36.81727096438408,NLOS,
74,48.0,0,-2492488.3628308848,37,36,37,46,10,-0.8149999999986903,18445.34497665614,3.67165521311107E-5,1.8189894E-12,0.0,250.94124595820904,-2.8236213102936745,163.6289801709354,LOS,
75,32.0,0,-2644501.5675764307,25,24,25,29,7,-0.4879999999975553,17638.328903775662,-4.707701027655275E-4,-9.094947E-13,0.0,556.075644902885,-2.6264878138899803,36.16205205395818,LOS,
76,27.0,0,492092.59590803087,22,21,22,25,0,1.6120000000009895,18275.543237887323,0.0,0.0,0.0,81.138961866498,9.25175415724516,-2995424.6751714163,NLOS,
23,39.0,2,-2529426.4119332843,50,49,50,50,36,-0.2999999999992724,17786.843677502126,-8.684649551113359E-5,5.3938104E-13,0.0,407.54557102918625,-0.018635980784893036,58.40831192955375,LOS,
31,40.0,0,-2406826.2327486537,25,24,31,41,0,-0.5119999999988067,18313.716586913913,3.232773538118731E-4,-7.8354402E-13,0.0,113.98417839407921,13.09751484170556,410.2660002633929,NLOS,
1,78.0,2,-2524333.736312479,38,37,38,42,19,-0.4530000000013388,18113.140123758465,-9.345433994076414E-6,9.2913828E-13,0.0,80.92357195913792,-0.15867269039154053,5.861937370151281,LOS,
3,47.0,0,-2463574.1826005764,26,25,24,36,7,-0.38400000000183354,17901.314655452967,1.9359823965828802E-4,2.1953758E-11,0.0,282.88856633752584,10.199526600539684,87.29098526015878,NLOS,
4,64.0,2,-2523535.381916173,47,46,47,48,42,-0.4710000000013679,18541.32130136341,-6.773082370011834E-6,1.6457642E-13,0.0,347.24697033688426,-0.16567398235201836,-21.32084271684289,LOS,
8,44.0,2,-2516943.3275849037,45,44,45,49,38,-0.4830000000001746,17877.569839600474,1.7158711901349984E-5,4.6850583E-12,0.0,316.5575821734965,-0.1960155889391899,561.1962549760938,NLOS,
9,8.0,2,-2545114.3695197515,46,45,46,47,42,-0.5430000000014843,17613.08281500265,-7.840001978626297E-5,-1.1732465E-11,0.0,581.077030416578,-0.23386536166071892,84.45113383233547,LOS,
73,26.0,0,-2486352.8235390633,33,32,33,37,14,0.0819999999985157,18547.521435614675,1.1720238217094433E-4,1.8189894E-12,0.0,353.4174973741174,-0.18550515919923782,-36.969973400235176,NLOS,
74,48.0,0,-2510681.3039663956,37,36,37,46,10,-0.44100000000253203,18444.182160068303,3.6716553950100064E-5,1.8189894E-12,0.0,250.07822182402015,-0.8630241341888905,162.46617743745446,LOS,
75,32.0,0,-2662699.5471464284,25,24,25,29,7,0.4470000000001164,17642.228551182896,-4.707701036750222E-4,-9.094947E-13,0.0,551.8762050382793,4.199439864605665,40.03686583042145,LOS,
76,27.0,0,473894.25094765425,22,21,22,25,0,-3.992999999998574,18281.162207998335,0.0,0.0,0.0,87.0577244348824,5.918762568384409,-2995420.434694603,NLOS,
23,39.0,2,-2547620.133501198,50,49,50,50,36,-0.5139999999992142,17786.338341187686,-8.684649497175256E-5,5.3938104E-13,0.0,407.74386778473854,-0.19829675555229187,58.02555798366666,LOS,
31,40.0,0,-2425026.897719253,27,26,25,41,0,-0.3389999999999418,18313.3869773224,3.232773530283291E-4,-7.8354402E-13,0.0,126.32269474491477,12.338516350835562,416.8262524008751,NLOS,
1,78.0,2,-2542527.32299947,38,37,38,42,19,0.004000000000814907,18113.144347511232,-9.345433064938208E-6,9.2913828E-13,0.0,80.67604574933648,0.24752620980143547,5.644211806356907,LOS,
3,47.0,0,-2481786.750704374,27,26,26,36,7,-0.01999999999679858,17901.293813452125,1.935982616120455E-4,2.1953758E-11,0.0,273.6663473173976,9.22221902012825,106.06097952276468,NLOS,
4,64.0,2,-2541729.0210577436,47,46,47,48,42,0.0020000000004074536,18541.323530294,-6.773082205435422E-6,1.6457642E-13,0.0,347.5551238618791,0.30815352499485016,-21.486342910677195,LOS,
8,44.0,2,-2535136.7546160817,45,44,45,49,38,-0.005000000001018634,17877.56410774961,1.7158716586408217E-5,4.6850583E-12,0.0,316.28284711018205,0.27473506331443787,560.8199995942414,NLOS,
9,8.0,2,-2563307.9250668623,46,45,46,47,42,-0.06299999999828287,17613.0216037333,-7.840003151872789E-5,-1.1732465E-11,0.0,580.8352902308106,0.24174018576741219,84.19847253337502,LOS,
73,26.0,0,-2504547.648561027,33,32,33,37,14,-0.2570000000014261,18548.399763237685,1.172023839899337E-4,1.8189894E-12,0.0,354.5956174507737,1.1781200766563416,-35.949097223579884,NLOS,
74,48.0,0,-2528872.515248753,37,36,37,46,10,0.8510000000023865,18442.607635959983,3.6716555769089426E-5,1.8189894E-12,0.0,248.8034901767969,-1.2747316472232342,159.873314011842,LOS,
75,32.0,0,-2680899.4012866355,25,24,25,29,7,-0.14199999999982538,17644.199534781277,-4.7077010458451685E-4,-9.094947E-13,0.0,549.6054289825261,2.270776055753231,46.086042273789644,LOS,
76,27.0,0,455684.1967032738,22,21,22,25,0,1.492999999998574,18293.028356067836,0.0,0.0,0.0,99.22366496548057,12.165940530598164,-2995404.185141325,NLOS,
23,39.0,2,-2565813.753814947,50,49,50,50,36,-0.037000000000261934,17786.3006060943,-8.684649443237154E-5,5.3938104E-13,0.0,407.48515520989895,0.258712574839592,57.84134232997894,LOS,
31,40.0,0,-2443223.691367157,33,27,27,41,0,0.059999999997671694,18313.447010356933,3.232773522447851E-4,-7.8354402E-13,0.0,122.87687915936112,-3.445815585553646,419.81497430056334,NLOS,
1,78.0,2,-2560721.6016508117,38,37,38,42,19,0.819999999999709,18113.953845269978,-9.345432135799949E-6,9.2913828E-13,0.0,80.17191508412361,0.5041306652128696,5.818658132106066,LOS,
3,47.0,0,-2499985.301132612,28,27,27,36,7,0.5939999999973224,17901.878909956664,1.935982835658043E-4,2.1953758E-11,0.0,287.96142533794045,-14.29507802054286,110.51350577175617,NLOS,
4,64.0,2,-2559923.3632203788,47,46,47,48,42,0.8029999999998836,18542.11776629463,-6.773082040859001E-6,1.6457642E-13,0.0,348.05792943015695,0.5028055682778358,-21.248614501208067,LOS,
8,44.0,2,-2553330.8573605344,44,43,45,49,38,0.7910000000010768,17878.346136737615,1.7158721271466738E-5,4.6850583E-12,0.0,315.8173345886171,0.4655125215649605,560.819665029645,NLOS,
9,8.0,2,-2581502.17583701,46,45,46,47,42,0.7350000000005821,17613.746899202466,-7.840004325119353E-5,-1.1732465E-11,0.0,580.4064423963428,0.4288478344678879,84.34124181419611,LOS,
73,26.0,0,-2522742.577155523,32,28,33,37,14,1.444999999999709,18548.50790067762,1.1720238580892317E-4,1.8189894E-12,0.0,354.40396243706346,-0.1916550137102604,-35.12444096803665,NLOS,
74,48.0,0,-2547064.550774958,37,36,37,46,10,0.8400000000001455,18443.587208043784,3.6716557588078905E-5,1.8189894E-12,0.0,249.4832697995007,0.6797796227037907,157.80490197241306,LOS,
75,32.0,0,-2699095.0373801477,25,24,25,29,7,0.20099999999729334,17640.07789843157,-4.707701054940116E-4,-9.094947E-13,0.0,554.0268577896059,-4.421428807079792,47.61737956479192,LOS,
76,27.0,0,437477.3705361597,22,21,22,25,0,-0.7540000000008149,18289.957117740065,0.0,0.0,0.0,95.8526341766119,-3.3710307888686657,-2995391.4634577744,NLOS,
23,39.0,2,-2584008.06711049,50,49,50,50,36,0.7619999999988067,17787.053925346583,-8.684649389299046E-5,5.3938104E-13,0.0,407.0318142324686,0.45334097743034363,58.050316013395786,LOS,
31,40.0,0,-2461423.154322777,33,32,33,41,0,0.8260000000009313,18314.263027094305,3.2327735146124104E-4,-7.8354402E-13,0.0,125.37211121618748,2.495232056826353,425.17321145907044,NLOS,
1,78.0,2,-2578915.9211449474,38,37,38,42,19,0.1389999999992142,18114.103318728507,-9.345431206661746E-6,9.2913828E-13,0.0,80.31888932734728,-0.14697424322366714,5.734154798090458,LOS,
3,47.0,2,-2518181.8941031247,28,27,28,36,7,0.0290000000022701,17901.917504310608,1.9359830551956176E-4,2.1953758E-11,0.0,290.196244943887,-2.234819605946541,112.70878183469176,NLOS,
4,64.0,2,-2578117.7346346565,47,46,47,48,42,0.11899999999877764,18542.24635418877,-6.77308187628259E-6,1.6457642E-13,0.0,347.8869106583297,-0.17101877182722092,-21.281426902860403,LOS,
8,44.0,2,-2571524.9673962854,44,43,45,49,38,0.11699999999837019,17878.47224766016,1.7158725956524963E-5,4.6850583E-12,0.0,316.020190294832,-0.20285570621490479,560.5268293060362,NLOS,
9,8.0,2,-2599696.471081432,46,45,46,47,42,0.05799999999726424,17613.813349168748,-7.840005498365841E-5,-1.1732465E-11,0.0,580.6282638907433,-0.22182149440050125,84.2286929115653,LOS,
73,26.0,0,-2540932.273883205,27,26,33,37,14,-0.4529999999977008,18543.280556976795,1.1720238762791254E-4,1.8189894E-12,0.0,348.87682627514005,-5.5271361619234085,-39.83144398778677,NLOS,
74,48.0,0,-2565256.2500794865,37,36,37,46,10,0.24799999999959255,18443.40626733005,3.671655940706827E-5,1.8189894E-12,0.0,249.00253662839532,-0.4807331711053848,155.10047579929233,LOS,
75,32.0,0,-2717288.9036598317,25,24,25,29,7,0.18500000000130967,17638.404594369233,-4.707701064035063E-4,-9.094947E-13,0.0,555.9999543093145,-1.9730965197086334,47.07911057025194,LOS,
76,27.0,0,419287.92453243956,22,21,22,25,0,2.4210000000020955,18272.733752831817,0.0,0.0,0.0,78.32947681099176,-17.523157365620136,-2995396.421730075,NLOS,
23,39.0,2,-2602202.418479439,50,49,50,50,36,0.08399999999892316,17787.14718569815,-8.684649335360945E-5,5.3938104E-13,0.0,407.23332913964987,-0.20151490718126297,57.997570645064116,LOS,
31,40.0,2,-2479617.9709004015,34,33,33,41,0,0.13100000000122236,18314.403884522617,3.23277350677697E-4,-7.8354402E-13,0.0,120.551637545228,-4.820473670959473,425.5852781608701,NLOS,
1,78.0,2,-2597109.9829809666,38,37,38,42,19,-0.16999999999825377,18113.93236579001,-9.345430277523548E-6,9.2913828E-13,0.0,80.1647780276835,0.15411129966378212,5.691785804927349,LOS,
3,47.0,2,-2536376.7976034805,28,27,28,36,7,-0.23800000000119326,17901.679426010698,1.9359832747331917E-4,2.1953758E-11,0.0,291.5635063499212,-1.3672614060342312,113.51438019797206,NLOS,
4,64.0,2,-2596311.8386809975,47,46,47,48,42,-0.16799999999784632,18542.07758953795,-6.773081711706179E-6,1.6457642E-13,0.0,348.01886753737926,0.13195687904953957,-21.28181478753686,LOS,
8,44.0,2,-2589718.7803306878,44,43,44,49,38,-0.18999999999869033,17878.282996863127,1.715873064158319E-5,4.6850583E-12,0.0,315.9278592802584,0.09233101457357407,560.2366846911609,NLOS,
9,8.0,2,-2617890.4974029325,46,45,46,47,42,-0.23999999999796273,17613.574734449387,-7.84000667161233E-5,-1.1732465E-11,0.0,580.5639271959662,0.06433669477701187,84.14701354503632,LOS,
73,26.0,0,-2559122.419819627,27,27,32,37,14,-0.7010000000009313,18543.734313372523,1.172023894469019E-4,1.8189894E-12,0.0,349.6303751282394,0.7535488530993462,-43.78944581001997,NLOS,
74,48.0,0,-2583447.900628533,37,37,37,46,10,-0.9370000000017171,18443.512792725116,3.671656122605763E-5,1.8189894E-12,0.0,249.4088544845581,0.4063178561627865,152.64708660542965,LOS,
75,32.0,0,-2735481.0896958895,25,24,25,29,7,-0.977999999999156,17636.820855662227,-4.7077010731300095E-4,-9.094947E-13,0.0,557.2839005589485,-1.2839462496340275,45.160390406847,LOS,
76,27.0,0,401116.3647236489,22,21,22,25,0,-1.9429999999993015,18255.00433160737,0.0,0.0,0.0,60.8998480476439,-17.429628763347864,-2995418.966404844,NLOS,
23,39.0,2,-2620396.5133269466,50,49,50,50,36,-0.20799999999871943,17786.94081003964,-8.684649281422842E-5,5.3938104E-13,0.0,407.1298779398203,0.1034511998295784,57.98809629306197,LOS,
31,40.0,2,-2497811.996100299,35,34,34,41,0,-0.14600000000064028,18314.256464608014,3.2327734989415305E-4,-7.8354402E-13,0.0,120.18575156480074,-0.36588598042726517,425.50575959682465,NLOS,
1,78.0,2,-2615303.6558869854,38,37,38,42,19,-0.27700000000186265,18113.645751535892,-9.345429348385288E-6,9.2913828E-13,0.0,80.14193702861667,0.02284099906682968,5.56027926877141,LOS,
3,47.0,2,-2554572.718806833,28,27,28,36,7,-0.39900000000125146,17901.271044190973,1.9359834942707797E-4,2.1953758E-11,0.0,290.2236087806523,1.3398975692689419,115.6374740190804,NLOS,
4,64.0,2,-2614505.5357758217,47,46,47,48,42,-0.3040000000000873,18541.764234282076,-6.7730815471297575E-6,1.6457642E-13,0.0,348.0112510547042,-0.007616482675075531,-21.38936172798276,LOS,
8,44.0,2,-2607912.2008273117,44,43,44,49,38,-0.30600000000049477,17877.967743445188,1.7158735326641703E-5,4.6850583E-12,0.0,315.9308701120317,-0.0030108317732810974,559.8538947589695,NLOS,
9,8.0,2,-2636084.121210154,46,45,46,47,42,-0.36899999999877764,17613.19562356919,-7.840007844858891E-5,-1.1732465E-11,0.0,580.6332111731172,-0.06928397715091705,83.96261236071587,LOS,
73,26.0,0,-2577314.9088207,28,27,27,37,14,-0.43000000000029104,18546.081950105727,1.1720239126589137E-4,1.8189894E-12,0.0,352.27780432254076,2.647429194301367,-45.10459052026272,NLOS,
74,48.0,0,-2601639.4897661842,38,37,37,46,10,-0.14899999999761349,18443.606662079692,3.671656304504711E-5,1.8189894E-12,0.0,249.80251629278064,0.3936618082225323,150.43207846954465,LOS,
75,32.0,0,-2753666.285566993,25,24,25,29,7,0.9019999999982247,17629.927190989256,-4.707701082224957E-4,-9.094947E-13,0.0,563.8777727745473,-6.593872215598822,36.55129774659872,LOS,
76,27.0,0,382938.40038192645,22,22,22,25,0,1.5679999999993015,18261.565613482147,0.0,0.0,0.0,67.76092237606645,6.861074328422546,-2995434.8067542277,NLOS,
23,39.0,2,-2638590.211075358,50,49,50,50,36,-0.34500000000116415,17786.58435593918,-8.684649227484735E-5,5.3938104E-13,0.0,407.1670282036066,-0.03715026378631592,57.88131530210376,LOS,
31,40.0,2,-2516005.475615781,35,34,35,41,0,-0.28700000000026193,18313.96098288521,3.23277349110609E-4,-7.8354402E-13,0.0,120.06556136533618,-0.12019019946455956,425.1803490743041,NLOS,
1,78.0,2,-2633496.783844214,38,37,38,42,19,-0.4099999999998545,18113.24550230801,-9.345428419247082E-6,9.2913828E-13,0.0,80.27509849891067,-0.13316147029399872,5.183616399765015,LOS,
3,47.0,2,-2572767.474262815,28,27,28,36,7,-0.47599999999874854,17900.803389463574,1.9359837138083547E-4,2.1953758E-11,0.0,291.06712190806866,-0.8435131274163723,116.8946129269898,NLOS,
4,64.0,2,-2632698.7349941134,47,47,47,48,42,-0.40499999999883585,18541.36844785139,-6.773081382553347E-6,1.6457642E-13,0.0,347.9126556105912,-0.09859544411301613,-21.694992743432522,LOS,
8,44.0,2,-2626105.1478488445,44,43,44,49,38,-0.4219999999986612,17877.55571046844,1.715874001169994E-5,4.6850583E-12,0.0,316.0148655734956,-0.08399546146392822,559.2974221892655,NLOS,
9,8.0,2,-2654277.2524395473,46,45,46,47,42,-0.4690000000009604,17612.735260382295,-7.840009018105384E-5,-1.1732465E-11,0.0,580.7924811206758,-0.15926994755864143,83.58542580157518,LOS,
73,26.0,0,-2595508.748932574,29,28,28,37,14,-0.14800000000104774,18547.437592264265,1.1720239308488075E-4,1.8189894E-12,0.0,353.9332389384508,1.6554346159100533,-44.768831972032785,NLOS,
74,48.0,0,-2619827.823553581,38,37,38,46,10,-0.009000000001833541,18440.506545957178,3.671656486403647E-5,1.8189894E-12,0.0,247.00219263136387,-2.800323661416769,145.26151254028082,LOS,
75,32.0,0,-2771862.4925638177,25,24,25,29,7,-1.2419999999983702,17641.034914616495,-4.707701091319904E-4,-9.094947E-13,0.0,552.4702566899359,11.407516084611416,39.25312326475978,LOS,
76,27.0,0,364759.9470909871,23,22,22,25,0,-0.3389999999999418,18262.21127153188,0.0,0.0,0.0,68.70637288689613,0.9454505108296871,-2995449.8583619334,NLOS,
23,39.0,2,-2656783.4324569255,50,49,50,50,36,-0.4459999999999127,17786.149242710322,-8.684649173546631E-5,5.3938104E-13,0.0,407.283395037055,-0.11636683344841003,57.59795992821455,LOS,
31,40.0,2,-2534198.561457362,36,35,35,41,0,-0.36999999999898137,18313.601752165705,3.2327734832706496E-4,-7.8354402E-13,0.0,120.09736196324229,0.03180059790611267,424.76105710864067,NLOS,
1,78.0,2,-2651690.3705841675,38,37,38,42,19,0.5879999999997381,18113.83263392374,-9.345427490108878E-6,9.2913828E-13,0.0,79.70431927219033,0.5707792267203331,5.265736255794764,LOS,
3,47.0,2,-2590962.9435494505,28,27,28,36,7,0.48800000000119326,17901.293247297406,1.93598393334593E-4,2.1953758E-11,0.0,290.3308633416891,0.7362585663795471,118.86558248847723,NLOS,
4,64.0,2,-2650892.40138736,48,47,47,48,42,0.5709999999999127,18541.938094403595,-6.773081217976935E-6,1.6457642E-13,0.0,348.4793289974332,0.5666733868420124,-21.533448804169893,LOS,
8,44.0,2,-2644298.590188775,44,43,44,49,38,0.5619999999980791,17878.118226401508,1.7158744696758182E-5,4.6850583E-12,0.0,315.42986511811614,0.5850004553794861,559.2362680211663,NLOS,
9,8.0,2,-2672470.853218861,46,45,46,47,42,0.5,17613.236438822,-7.840010191351878E-5,-1.1732465E-11,0.0,580.2894444689155,0.5030366517603397,83.67778916656971,LOS,
73,26.0,0,-2613702.4234012663,29,28,29,37,14,0.29800000000250293,18547.276504442096,1.1720239490387011E-4,1.8189894E-12,0.0,353.77215111255646,-0.16108782589435577,-44.598716609179974,NLOS,
74,48.0,0,-2638018.477038689,38,37,38,46,10,0.26900000000023283,18442.98147734627,3.671656668302584E-5,1.8189894E-12,0.0,249.47712402045727,2.474931389093399,142.41064432263374,LOS,
75,32.0,0,-2790054.866737619,25,24,25,29,7,1.3960000000006403,17637.29868543148,-4.7077011004148506E-4,-9.094947E-13,0.0,556.2064858749509,-3.736229185014963,38.1221257597208,LOS,
76,27.0,0,346576.6771720536,23,22,23,25,0,-0.7210000000013679,18267.18458359316,0.0,0.0,0.0,73.67968494817615,4.973312061280012,-2995460.093341645,NLOS,
23,39.0,2,-2674977.1287264153,50,49,50,50,36,0.5300000000024738,17786.67762517184,-8.68464911960853E-5,5.3938104E-13,0.0,406.74832297489047,0.5350720621645451,57.78949247300625,LOS,
31,40.0,2,-2552392.006336175,36,35,36,41,0,0.5900000000001455,18314.191463425756,3.23277347543521E-4,-7.8354402E-13,0.0,120.5820835493505,0.4847215861082077,424.70080237463117,NLOS,
1,78.0,2,-2669883.8317648247,38,37,38,42,19,-0.04499999999825377,18113.778563756496,-9.345426560970617E-6,9.2913828E-13,0.0,79.71788011863828,-0.013560846447944641,5.222296815365553,LOS,
3,47.0,2,-2609158.962708261,28,27,28,36,7,-0.12100000000282307,17901.161824528128,1.9359841528835182E-4,2.1953758E-11,0.0,289.75857605040073,0.5722872912883759,121.38642422109842,NLOS,
4,64.0,2,-2669085.8995205164,48,47,48,48,42,-0.0650000000023283,18541.865810640156,-6.773081053400515E-6,1.6457642E-13,0.0,348.4105758741498,-0.06875312328338623,-21.540164954960346,LOS,
8,44.0,2,-2662491.8816165924,44,43,44,49,38,-0.07599999999729334,17878.031534668058,1.7158749381816706E-5,4.6850583E-12,0.0,315.491099152714,-0.06123403459787369,559.0242017358541,NLOS,
9,8.0,2,-2690664.2888056673,46,45,46,47,42,-0.1290000000008149,17613.096901837736,-7.840011364598442E-5,-1.1732465E-11,0.0,580.4211768954992,-0.13173242658376694,83.60496002063155,LOS,
73,26.0,0,-2631895.358153932,30,29,29,37,14,0.08399999999892316,18546.541366524994,1.172023967228596E-4,1.8189894E-12,0.0,353.03701319918036,-0.7351379133760929,-45.16831726953387,NLOS,
74,48.0,0,-2656209.837647192,38,37,38,46,10,0.3889999999992142,18443.843833040446,3.671656850201532E-5,1.8189894E-12,0.0,250.33947971463203,0.8623556941747665,140.2668995000422,LOS,
75,32.0,0,-2808245.045347616,25,24,25,29,7,-0.6210000000028231,17635.199713416398,-4.707701109509798E-4,-9.094947E-13,0.0,558.3054578900337,-2.098972015082836,34.79556445032358,LOS,
76,27.0,0,328389.0443058051,24,23,23,25,0,1.2950000000018917,18271.70418998599,0.0,0.0,0.0,78.19929134100676,4.51960639283061,-2995465.9653740413,NLOS,
23,39.0,2,-2693170.6655373126,50,49,50,50,36,-0.10200000000259024,17786.567365262657,-8.684649065670423E-5,5.3938104E-13,0.0,406.84761933609843,-0.09929636120796204,57.82156642898917,LOS,
31,40.0,2,-2570585.1786974967,36,35,36,41,0,-0.03299999999944703,18314.14794933051,3.232773467599769E-4,-7.8354402E-13,0.0,120.43525230512023,-0.14683124423027039,424.36803014948964,NLOS,
1,78.0,2,-2688077.0801329836,38,37,38,42,19,-0.07700000000113505,18113.71214301884,-9.345425631832415E-6,9.2913828E-13,0.0,79.81867805868387,-0.10079794004559517,4.966044876724482,LOS,
3,47.0,2,-2627353.461011328,28,27,28,36,7,-0.17599999999947613,17900.996514182538,1.935984372421093E-4,2.1953758E-11,0.0,291.25697750225663,-1.498401451855898,122.3864102140069,NLOS,
4,64.0,2,-2687279.2205207124,48,47,48,48,42,-0.08599999999933061,18541.78924615681,-6.773080888824103E-6,1.6457642E-13,0.0,348.3328964225948,-0.07767945155501366,-21.724014066159725,LOS,
8,44.0,2,-2680685.0259427764,44,43,44,49,38,-0.09200000000055297,17877.95019210875,1.7158754066874945E-5,4.6850583E-12,0.0,315.54847061634064,-0.057371463626623154,558.6650338172913,NLOS,
9,8.0,2,-2708857.556375392,46,45,46,47,42,-0.1500000000014552,17612.957775902003,-7.840012537844934E-5,-1.1732465E-11,0.0,580.5556572712958,-0.13448037579655647,83.36411379277706,LOS,
73,26.0,0,-2650088.436168436,30,29,30,37,14,-0.03499999999985448,18546.689166303724,1.1720239854184896E-4,1.8189894E-12,0.0,353.18481297791004,0.1477997787296772,-45.594656091183424,NLOS,
74,48.0,0,-2674400.8940185457,38,37,38,46,10,-0.35900000000037835,18443.694781899452,3.671657032100469E-5,1.8189894E-12,0.0,250.1904285699129,-0.14905114471912384,137.81891752406955,LOS,
75,32.0,0,-2826439.0337636024,25,24,25,29,7,-0.18699999999807915,17639.10620782897,-4.707701118604745E-4,-9.094947E-13,0.0,554.3989634774625,3.906494412571192,35.2788091301918,LOS,
76,27.0,0,-2687728.339725852,24,23,24,25,0,-0.2620000000024447,3016201.6119745523,0.0,0.0,0.0,2998008.1070759036,2997929.9077845626,2457.9137589670718,NLOS,
23,39.0,2,-2711364.0299792476,50,49,50,50,36,-0.12099999999918509,17786.455580618232,-8.68464901173232E-5,5.3938104E-13,0.0,406.95977564528584,-0.11215630918741226,57.6812714189291,LOS,
31,40.0,2,-2588778.2737945057,36,35,36,41,0,-0.062000000001717126,18314.095821861178,3.232773459764329E-4,-7.8354402E-13,0.0,120.48365462571383,0.048402320593595505,423.9579936116934,NLOS,
1,78.0,2,-2706270.386239387,38,37,38,42,19,0.14500000000043656,18113.85569648817,-9.345424702694209E-6,9.2913828E-13,0.0,79.34913114458323,0.469546914100647,5.067323639988899,LOS,
3,47.0,0,-2645562.5273558013,27,17,28,36,7,0.5139999999992142,17901.508520852774,1.9359845919586684E-4,2.1953758E-11,0.0,276.36670312285423,14.890274379402399,138.2542300708592,NLOS,
4,64.0,2,-2705472.57113849,48,47,48,48,42,0.12700000000040745,18541.9162828438,-6.7730807242476914E-6,1.6457642E-13,0.0,348.7617696300149,0.4288732074201107,-21.57845313847065,LOS,
8,44.0,2,-2698878.2271623276,44,43,44,49,38,0.11599999999816646,17878.064663268626,1.7158758751933188E-5,4.6850583E-12,0.0,315.10205967351794,0.4464109428226948,558.6625517271459,NLOS,
9,8.0,2,-2727050.856645968,46,45,46,47,42,0.06000000000130967,17613.017666891217,-7.840013711091429E-5,-1.1732465E-11,0.0,580.1896558403969,0.3660014308989048,83.45576087757945,LOS,
73,26.0,0,-2668281.4300611727,31,30,30,37,14,-0.3489999999983411,18546.60960637778,1.1720240036083833E-4,1.8189894E-12,0.0,353.4050455093384,0.2202325314283371,-45.80532422289252,NLOS,
74,48.0,0,-2692592.4376516417,38,38,38,46,10,0.1320000000014261,18444.337229065597,3.671657213999406E-5,1.8189894E-12,0.0,251.132668197155,0.9422396272420883,136.15798975154757,LOS,
75,32.0,0,-2844632.316854324,25,24,25,29,7,0.44900000000052387,17638.497567046434,-4.7077011276996916E-4,-9.094947E-13,0.0,554.7078117989004,-0.3088483214378357,35.356521006673574,LOS,
76,27.0,0,-2705925.536720101,25,24,24,25,0,-0.05099999999947613,18281.58153167367,0.0,0.0,0.0,88.376425486058,-2997919.7306504175,2461.9056470282376,NLOS,
23,39.0,2,-2729557.4241762757,50,49,50,50,36,0.08000000000174623,17786.53641972691,-8.684648957794217E-5,5.3938104E-13,0.0,406.570038754493,0.3897368907928467,57.87052396312356,LOS,
31,40.0,2,-2606971.275506299,37,36,36,41,0,0.15399999999863212,18314.248518358916,3.2327734519288894E-4,-7.8354402E-13,0.0,120.81573078036308,0.33207615464925766,423.7543643191457,NLOS,
1,78.0,2,-2724463.831218295,38,37,38,42,19,0.2639999999992142,18114.110303364694,-9.345423773555946E-6,9.2913828E-13,0.0,79.09824069589376,0.25089044868946075,5.307474907487631,LOS,
3,47.0,0,-2663764.40974313,16,15,28,36,7,0.17800000000352156,17901.678434222937,1.935984811496257E-4,2.1953758E-11,0.0,283.5282333306968,-7.161530207842588,146.93809278309345,NLOS,
4,64.0,2,-2723666.081280824,48,47,48,48,42,0.26599999999962165,18542.171563532203,-6.77308055967127E-6,1.6457642E-13,0.0,349.0207667835057,0.2589971534907818,-21.273367650806904,LOS,
8,44.0,2,-2717071.594806265,44,43,44,49,38,0.24600000000282307,17878.30185401067,1.7158763436991715E-5,4.6850583E-12,0.0,314.8459150195122,0.2561446540057659,558.8264940194786,NLOS,
9,8.0,2,-2745244.3029659875,46,45,46,47,42,0.18999999999869033,17613.198125384748,-7.840014884337994E-5,-1.1732465E-11,0.0,580.010126452893,0.17952938750386238,83.6934574060142,LOS,
73,26.0,0,-2686474.1431255005,35,30,31,37,14,0.7649999999994179,18546.333363451064,1.172024021798278E-4,1.8189894E-12,0.0,353.1288025826216,-0.2762429267168045,-46.296820763498545,NLOS,
74,48.0,0,-2710785.662007533,39,38,38,46,10,0.7370000000009895,18446.17313657701,3.6716573958983536E-5,1.8189894E-12,0.0,252.9685757085681,1.8359075114130974,136.17778477445245,LOS,
75,32.0,0,-2862823.609537825,25,24,25,29,7,0.8339999999989232,17636.603840775788,-4.707701136794639E-4,-9.094947E-13,0.0,556.6015380732715,-1.8937262743711472,33.44382565841079,LOS,
76,27.0,0,-2724118.664700914,25,24,25,25,0,-0.22999999999956344,18277.669088136405,0.0,0.0,0.0,84.46398194879293,-3.9124435372650623,2461.82852165401,NLOS,
23,39.0,2,-2747750.9824140593,50,49,50,50,36,0.2249999999985448,17786.750778187066,-8.68464890385611E-5,5.3938104E-13,0.0,406.3458316922188,0.2242070622742176,58.22381725907326,LOS,
31,40.0,2,-2625164.5617506728,37,36,37,41,0,0.28700000000026193,18314.52660234645,3.2327734440934486E-4,-7.8354402E-13,0.0,121.22593445703387,0.4102036766707897,423.83526760339737,NLOS,
1,78.0,2,-2742656.8560029417,38,37,38,42,19,-0.30900000000110595,18113.812038142234,-9.345422643648758E-6,9.3801497E-13,0.0,79.38418151438236,-0.28594081848859787,5.127492103725672,LOS,
3,47.0,0,-2681943.3248015046,15,14,27,36,7,-0.6920000000027358,17900.996602401137,1.9359850310338318E-4,2.1953758E-11,0.0,306.4730954281986,-22.944862097501755,132.65462654083967,NLOS,
4,64.0,2,-2741859.1698709615,48,47,48,48,42,-0.33399999999892316,18541.847385507077,-6.773080395094859E-6,1.6457642E-13,0.0,348.6986327394843,-0.322134044021368,-21.389834363013506,LOS,
8,44.0,2,-2735264.531105701,44,43,44,49,38,-0.3320000000021537,17877.978307440877,1.7158768122049958E-5,4.6850583E-12,0.0,315.18748642131686,-0.3415714018046856,558.5590918138623,NLOS,
9,8.0,2,-2763437.3462841734,46,45,46,47,42,-0.3849999999983993,17612.822363585234,-7.840016057584488E-5,-1.1732465E-11,0.0,580.3795703090727,-0.3694438561797142,83.52815209701657,LOS,
73,26.0,0,-2704670.3282917887,36,35,35,37,14,-0.9860000000007858,18549.810009799898,1.1720240399881718E-4,1.8189894E-12,0.0,356.6054489314556,3.476646348834038,-43.316215343773365,NLOS,
74,48.0,0,-2728976.7422429584,39,38,39,46,10,-0.6530000000020664,18444.18415374309,3.6716575777972906E-5,1.8189894E-12,0.0,250.9795928746462,-1.9889828339219093,134.05345933139324,LOS,
75,32.0,0,-2881017.156258866,25,24,25,29,7,-1.0159999999996217,17638.954657230526,-4.707701145889586E-4,-9.094947E-13,0.0,554.2507216148078,2.350816458463669,33.78516785427928,LOS,
76,27.0,0,-2742311.7622633874,25,24,25,25,0,-0.020000000000436557,18277.795199647546,0.0,0.0,0.0,84.590093459934,0.12611151114106178,2461.7209779396653,NLOS,
23,39.0,2,-2765944.123304773,50,49,50,50,36,-0.36899999999877764,17786.391233175993,-8.684648849918009E-5,5.3938104E-13,0.0,406.7029610350728,-0.357129342854023,58.15976348519325,LOS,
31,40.0,2,-2643357.5868108124,38,37,37,41,0,-0.2989999999990687,18314.237580105662,3.2327734362580084E-4,-7.8354402E-13,0.0,121.09040133282542,-0.13553312420845032,423.65498665347695,NLOS,
1,78.0,2,-2760849.804096047,38,37,38,42,19,-0.013999999999214197,18113.79832316935,-9.345421705633808E-6,9.3801497E-13,0.0,79.06991648674011,0.31426502764225006,5.1705526895821095,LOS,
3,47.0,0,-2700112.493541807,26,15,16,36,7,-0.7789999999986321,17900.21600563079,1.9359852505714074E-4,2.1953758E-11,0.0,315.8971684984863,-9.424073070287704,108.92463468387723,NLOS,
4,64.0,2,-2760052.0722220615,48,47,48,48,42,-0.024000000001251465,18541.82406198606,-6.7730796052363874E-6,1.9133729E-13,0.0,348.97807651758194,0.27944377809762955,-21.392560198903084,LOS,
8,44.0,2,-2753457.338131599,44,43,44,49,38,-0.03499999999985448,17877.9445617795,1.7158772807108204E-5,4.6850583E-12,0.0,314.9272000826895,0.2602863386273384,558.4622085280716,NLOS,
9,8.0,2,-2781630.2793581635,46,45,46,47,42,-0.09000000000014552,17612.731710977852,-7.840017230830983E-5,-1.1732465E-11,0.0,580.1564937233925,0.22307658568024635,83.55239505320787,LOS,
73,26.0,0,-2722864.9450103007,36,35,36,37,14,0.01599999999962165,18548.246130939573,1.1720240581780654E-4,1.8189894E-12,0.0,355.34136252850294,-1.264086402952671,-41.60426524281502,NLOS,
74,48.0,0,-2747167.3021356985,39,38,39,46,10,0.10599999999976717,18443.818948555738,3.6716577596962276E-5,1.8189894E-12,0.0,250.91418014466763,-0.0654127299785614,131.70858366042376,LOS,
75,32.0,0,-2899205.4703941867,25,24,25,29,7,-0.010999999998603016,17633.818845469505,-4.7077011549845327E-4,-9.094947E-13,0.0,559.0867409221828,-4.836019307374954,29.193716783076525,LOS,
76,27.0,0,-2760471.6491063014,25,24,25,25,0,0.9180000000014843,18244.74098560214,0.0,0.0,0.0,51.83567187190056,-32.75442158803344,2428.702507123351,NLOS,
23,39.0,2,-2784137.159217,50,49,50,50,36,-0.06300000000192085,17786.32786603272,-8.684648795979905E-5,5.3938104E-13,0.0,406.4479534327984,0.2550076022744179,58.29052368551493,LOS,
31,40.0,2,-2661550.5263705924,38,37,38,41,0,-0.004000000000814907,18314.233321692795,3.232773428422568E-4,-7.8354402E-13,0.0,121.43034700676799,0.3399456739425659,423.68899780139327,NLOS,
1,78.0,2,-2779042.7008317783,39,38,38,42,19,0.05700000000069849,18113.844562429935,-9.345420767618802E-6,9.3801497E-13,0.0,79.00918311625719,0.0607333704829216,5.162255901843309,LOS,
3,47.0,0,-2718301.596801117,27,26,26,36,7,0.5570000000006985,17900.764167919755,1.9359854701089961E-4,2.1953758E-11,0.0,295.9402104727924,19.956958025693893,105.1291618347168,NLOS,
4,64.0,2,-2778244.970245708,48,47,48,48,42,0.046999999998661224,18541.86095507443,-6.77307941389909E-6,1.9133729E-13,0.0,349.0107020623982,0.03262554481625557,-21.399792920798063,LOS,
8,44.0,2,-2771650.0532102697,44,43,44,49,38,0.030999999999039574,17877.96467590332,1.715877749216674E-5,4.6850583E-12,0.0,314.92938469722867,-0.0021846145391464233,558.2733780145645,NLOS,
9,8.0,2,-2799823.1504425034,46,45,46,47,42,-0.02500000000145519,17612.69708941877,-7.84001840407755E-5,-1.1732465E-11,0.0,580.1849831491709,-0.028489425778388977,83.5146483592689,LOS,
73,26.0,0,-2741059.205108635,36,35,36,37,14,-0.47699999999895226,18547.894103243947,1.1720240763679603E-4,1.8189894E-12,0.0,354.9893348328769,-0.35202769562602043,-40.24893531948328,NLOS,
74,48.0,0,-2765355.807451442,39,38,39,46,10,0.36700000000200816,18441.919508256018,3.671657941595176E-5,1.8189894E-12,0.0,249.01473984494805,-1.899440299719572,127.30913099274039,LOS,
75,32.0,0,-2917396.0157055184,24,24,25,29,7,0.42899999999644933,17636.146791953593,-4.70770116407948E-4,-9.094947E-13,0.0,556.7587944343686,2.327946487814188,26.833441726863384,LOS,
76,27.0,0,-2778700.7923178896,25,24,25,25,0,0.27000000000043656,18314.153835300356,0.0,0.0,0.0,121.24852157011628,69.41284969821572,2464.9404049813747,NLOS,
23,39.0,2,-2802330.149818167,50,49,50,50,36,0.008000000001629815,17786.326930701733,-8.6846487420418E-5,5.3938104E-13,0.0,406.43309384956956,0.014859583228826523,58.37597282603383,LOS,
31,40.0,2,-2679743.336466998,39,38,38,41,0,0.08000000000174623,18314.304772123694,3.232773420587128E-4,-7.8354402E-13,0.0,121.42653937265277,-0.003807634115219116,423.59354557842016,NLOS,
1,78.0,2,-2797235.2777435146,39,38,39,42,19,-0.2250000000021828,18113.629226934165,-9.345419829603852E-6,9.3801497E-13,0.0,78.91710740327835,0.09207571297883987,5.133927576243877,LOS,
3,47.0,0,-2736492.2710123807,28,27,27,36,7,-0.38500000000203727,17900.387693684548,1.9359856896465717E-4,2.1953758E-11,0.0,294.04698717594147,1.8932232968509197,103.20443339645863,NLOS,
4,64.0,2,-2796437.529921636,48,47,48,48,42,-0.23999999999796273,18541.629390832037,-6.773079222561804E-6,1.9133729E-13,0.0,349.0716832242906,0.06098116189241409,-21.445580903440714,LOS,
8,44.0,2,-2789842.4317360558,44,43,44,49,38,-0.24399999999877764,17877.73131752014,1.7158782177224988E-5,4.6850583E-12,0.0,314.8763298280537,0.053054869174957275,558.0477870739996,NLOS,
9,8.0,2,-2818015.7091734037,46,45,46,47,42,-0.3029999999998836,17612.404749035835,-7.840019577324044E-5,-1.1732465E-11,0.0,580.1639660038054,0.02101714536547661,83.4643406830728,LOS,
73,26.0,0,-2759252.4387318045,35,35,36,37,14,0.15599999999903957,18546.872179485857,1.172024094557854E-4,1.8189894E-12,0.0,354.26720353215933,-0.7221313007175922,-39.62028810381889,NLOS,
74,48.0,0,-2783544.588146679,40,39,39,46,10,-0.3359999999993306,18442.34997729957,3.671658123494113E-5,1.8189894E-12,0.0,249.74500134959817,0.730261504650116,123.48485027998686,LOS,
75,32.0,0,-2935579.0742443353,24,23,25,29,7,-0.2669999999998254,17628.756887741387,-4.7077011731744273E-4,-9.094947E-13,0.0,563.8489061929286,-7.090111758559942,17.2861866094172,LOS,
76,27.0,0,-2796943.695595242,24,23,25,25,0,-0.9690000000009604,18327.525712311268,0.0,0.0,0.0,134.92019103839993,13.671669468283653,2515.238161060959,NLOS,
23,39.0,2,-2820522.816403471,50,49,50,50,36,-0.2750000000014552,17786.060163591057,-8.684648688103695E-5,5.3938104E-13,0.0,406.3970953300595,0.035998519510030746,58.43719856068492,LOS,
31,40.0,2,-2697935.7729167975,39,38,39,41,0,-0.2180000000007567,18314.095598060638,3.232773412751688E-4,-7.8354402E-13,0.0,121.47832090035081,0.05178152769804001,423.42423920333385,NLOS,
1,78.0,2,-2815428.1500334814,39,38,39,42,19,0.4320000000006985,18114.060499563813,-9.345418891588904E-6,9.3801497E-13,0.0,78.5096200145781,0.4074873887002468,5.400977481156588,LOS,
3,47.0,2,-2754684.7024253495,29,28,28,36,7,0.3400000000001455,17900.727978553623,1.9359859091841474E-4,2.1953758E-11,0.0,292.2673206552863,1.7796665206551552,103.0369066670537,NLOS,
4,64.0,2,-2814630.401201755,48,47,48,48,42,0.4219999999986612,18542.053177889436,-6.773079031224518E-6,1.9133729E-13,0.0,349.4828343950212,0.4111511707305908,-21.179764695465565,LOS,
8,44.0,2,-2808035.115197681,44,43,44,49,38,0.4140000000006694,17878.14408800006,1.7158786862283244E-5,4.6850583E-12,0.0,314.4815841279924,0.39474570006132126,558.1271319724619,NLOS,
9,8.0,2,-2836208.58454315,46,45,46,47,42,0.35200000000259024,17612.755494263023,-7.840020750570542E-5,-1.1732465E-11,0.0,579.8137782327831,0.3501877710223198,83.73067185282707,LOS,
73,26.0,0,-2777446.6442085207,35,34,36,37,14,0.36300000000119326,18547.84860866517,1.1720241127477478E-4,1.8189894E-12,0.0,355.2436327151954,0.9764291830360889,-38.01978733763099,NLOS,
74,48.0,0,-2801733.5947866626,40,39,40,46,10,0.43399999999746797,18442.731011219323,3.671658305393051E-5,1.8189894E-12,0.0,250.12603526562452,0.38103391602635384,119.88651430979371,LOS,
75,32.0,0,-2953769.697771225,24,23,24,29,7,0.04500000000189175,17636.418739575893,-4.7077011822693743E-4,-9.094947E-13,0.0,556.1870543546975,7.661851838231087,15.303919568657875,LOS,
76,27.0,0,-2815134.1286131106,24,23,25,25,0,0.24799999999959255,18275.76803252846,0.0,0.0,0.0,83.16251125559211,-51.75767978280783,2513.06565765664,NLOS,
23,39.0,2,-2838715.789180901,50,49,50,50,36,0.3780000000006112,17786.439710516483,-8.684648771819881E-5,5.4531553E-13,0.0,406.01851854100823,0.3785767890512943,58.80420374497771,LOS,
31,40.0,2,-2716128.554518327,39,38,39,41,0,0.4530000000013388,18314.54724806547,3.2327734049162477E-4,-7.8354402E-13,0.0,121.94911067187786,0.4707897715270519,423.6000845618546,NLOS,
1,78.0,2,-2833621.3976521827,40,39,39,42,19,0.4900000000016007,18114.54162165895,-9.345417953573897E-6,9.3801497E-13,0.0,78.32197240367532,0.18764761090278625,5.743563663214445,LOS,
3,47.0,2,-2772875.1175303794,29,28,29,36,7,0.38400000000183354,17901.102988433093,1.9359861287217362E-4,2.1953758E-11,0.0,294.56096936389804,-2.2936487086117268,100.55327953770757,NLOS,
4,64.0,2,-2832823.6371037476,48,47,48,48,42,0.4819999999999709,18542.524603247643,-6.773078839887222E-6,1.9133729E-13,0.0,349.64722022786736,0.1643858328461647,-20.849119070917368,LOS,
8,44.0,2,-2826228.1630005613,44,43,44,49,38,0.4650000000001455,17878.60120786354,1.715879154734178E-5,4.6850583E-12,0.0,314.3272298835218,0.1543542444705963,558.2710256651044,NLOS,
9,8.0,2,-2854401.8301486373,46,45,46,47,42,0.41599999999743886,17613.161853108555,-7.840021923817108E-5,-1.1732465E-11,0.0,579.7098133638501,0.10396486893296242,84.06744630634785,LOS,
73,26.0,0,-2795643.723141562,34,28,35,37,14,0.4850000000005821,18550.726663671434,1.1720241309376425E-4,1.8189894E-12,0.0,357.8218952603638,2.5782625451684,-33.84562270715833,NLOS,
74,48.0,0,-2819921.385245491,40,39,40,46,10,0.9429999999993015,18441.669918052852,3.671658487291999E-5,1.8189894E-12,0.0,248.76514964178205,-1.3608856238424778,114.77220472693443,LOS,
75,32.0,0,-2971960.205541648,24,23,24,29,7,1.6169999999983702,17636.39984412864,-4.7077011913643213E-4,-9.094947E-13,0.0,556.5057422593236,-0.31868790462613106,12.906103603541851,LOS,
76,27.0,0,-2833338.7445343696,23,22,24,25,0,1.342000000000553,18290.107776302844,0.0,0.0,0.0,97.20246257632971,14.0399513207376,2524.7762651890516,NLOS,
23,39.0,2,-2856909.1448280066,50,49,50,50,36,0.4360000000015134,17786.866883862764,-8.684648717288327E-5,5.4531553E-13,0.0,405.88663509860635,0.131883442401886,59.25470060110092,LOS,
31,40.0,2,-2734321.685034491,39,38,39,41,0,0.49799999999959255,18315.037225984037,3.2327733970808075E-4,-7.8354402E-13,0.0,122.12387286499143,0.17476219311356544,423.82505209743977,NLOS,
1,78.0,2,-2851814.935643647,40,39,40,42,19,0.3849999999983993,18114.93613186106,-9.34541701555895E-6,9.3801497E-13,0.0,78.21926433965564,0.10270806401968002,6.0767301470041275,LOS,
3,47.0,2,-2791067.6478632167,30,29,29,36,7,0.3129999999982829,17901.42522125691,1.9359863482593115E-4,2.1953758E-11,0.0,292.72304248064756,1.837926883250475,99.88508775830269,NLOS,
4,64.0,2,-2851017.1523002125,48,47,48,48,42,0.3709999999991851,18542.90674501285,-6.773078648549935E-6,1.9133729E-13,0.0,349.72622472420335,0.07900449633598328,-20.538971435278654,LOS,
8,44.0,2,-2844421.4938681535,44,43,44,49,38,0.36899999999877764,17878.977847073227,1.7158796232400025E-5,4.6850583E-12,0.0,314.2540995925665,0.0731302909553051,558.3981916159391,NLOS,
9,8.0,2,-2872595.3507611863,46,45,46,47,42,0.30600000000049477,17613.477520875633,-7.840023097063603E-5,-1.1732465E-11,0.0,579.7009993307292,0.00881403312087059,84.37943536043167,LOS,
73,26.0,0,-2813839.5999453925,29,28,35,37,14,0.016999999999825377,18549.52909208089,1.1720241491275363E-4,1.8189894E-12,0.0,356.3245312087238,-1.4973640516400337,-31.173379749059677,NLOS,
74,48.0,0,-2838109.7502821907,40,39,40,46,10,0.20100000000093132,18442.39953667298,3.671658669190936E-5,1.8189894E-12,0.0,249.19497580453753,0.42982616275548935,109.93268055841327,LOS,
75,32.0,0,-2990152.502207473,24,23,24,29,7,-0.6679999999978463,17638.285698257387,-4.7077012004592683E-4,-9.094947E-13,0.0,554.9196805916727,1.586061667650938,11.997390579432249,LOS,
76,27.0,0,-2851420.5884446353,23,22,24,25,0,0.013999999999214197,18167.49256514758,0.0,0.0,0.0,25.712541043758392,-122.9150036200881,2413.4150692634284,NLOS,
23,39.0,2,-2875102.8142665066,50,49,50,50,36,0.3400000000001455,17787.214552152902,-8.684648662756774E-5,5.4531553E-13,0.0,405.81237246096134,0.07426263764500618,59.719196394085884,LOS,
31,40.0,2,-2752515.0002394468,39,38,39,41,0,0.4039999999986321,18315.451409347355,3.232773389245367E-4,-7.8354402E-13,0.0,122.13438908010721,0.010516215115785599,423.93491596356034,NLOS,
1,78.0,2,-2870008.7415026687,40,39,40,42,19,0.36700000000200816,18115.302749905735,-9.345416077544002E-6,9.3801497E-13,0.0,78.13905953615904,0.0802048034965992,6.377971731126308,LOS,
3,47.0,2,-2809260.838235095,30,29,30,36,7,0.2620000000024447,17901.68796481937,1.9359865677968864E-4,2.1953758E-11,0.0,292.3403182476759,0.38272423297166824,99.57714255899191,NLOS,
4,64.0,2,-2869210.9123951867,48,47,48,48,42,0.35200000000259024,18543.257102612406,-6.773078457212651E-6,1.9133729E-13,0.0,349.77084355428815,0.04461883008480072,-20.28371774405241,LOS,
8,44.0,2,-2862615.0723897293,44,43,44,49,38,0.33799999999973807,17879.316097129136,1.715880091745826E-5,4.6850583E-12,0.0,314.21638529375196,0.03771429881453514,558.47321908921,NLOS,
9,8.0,2,-2890789.1248605624,46,45,46,47,42,0.28700000000026193,17613.76513574645,-7.840024270310095E-5,-1.1732465E-11,0.0,579.7137343846262,-0.012735053896903992,84.64511878788471,LOS,
73,26.0,0,-2832034.544245895,28,27,34,37,14,0.11199999999735155,18548.60117032379,1.1720241673174299E-4,1.8189894E-12,0.0,355.0968169979751,-1.2277142107486725,-29.733432572335005,NLOS,
74,48.0,0,-2856297.22182538,40,39,40,46,10,0.3260000000009313,18441.66108332947,3.671658851089873E-5,1.8189894E-12,0.0,248.15673000365496,-1.038245800882578,103.89987042173743,LOS,
75,32.0,0,-3008346.2581871003,24,23,24,29,7,0.26900000000023283,17639.841966610402,-4.7077012095542154E-4,-9.094947E-13,0.0,553.6632046960294,1.2564758956432343,12.24819890037179,LOS,
76,27.0,0,-2869644.2303062305,23,22,23,25,0,-0.15899999999965075,18309.447291500866,0.0,0.0,0.0,115.94239285588264,141.65493389964104,2443.552032213658,NLOS,
23,39.0,2,-2893296.7425002977,50,49,50,50,36,0.30799999999726424,17787.52485466376,-8.684648608225222E-5,5.4531553E-13,0.0,405.79312874749303,0.019243713468313217,60.142695020884275,LOS,
31,40.0,2,-2770708.571308829,39,38,39,41,0,0.375,18315.824719753116,3.232773381409927E-4,-7.8354402E-13,0.0,122.2160831913352,0.0816941112279892,424.0008517988026,NLOS,
1,78.0,2,-2888202.5725419857,40,39,40,42,19,0.147000000000844,18115.450844340026,-9.345415139529057E-6,9.3801497E-13,0.0,78.30153523385525,-0.16247569769620895,6.404601156711578,LOS,
3,47.0,2,-2827454.587157741,30,29,30,36,7,0.059999999997671694,17901.747764918953,1.9359867873344614E-4,2.1953758E-11,0.0,292.0590782687068,0.28123997896909714,99.527955673635,NLOS,
4,64.0,2,-2887404.712318957,48,47,48,48,42,0.13299999999799184,18543.390858385712,-6.773078265875365E-6,1.9133729E-13,0.0,349.61038153991103,-0.16046201437711716,-20.288427717983723,LOS,
8,44.0,2,-2880808.6776518933,44,43,44,49,38,0.13000000000101863,17879.447198633105,1.7158805602516497E-5,4.6850583E-12,0.0,314.3995703943074,-0.18318510055541992,558.275194697082,NLOS,
9,8.0,2,-2908982.9343175553,46,45,46,47,42,0.06899999999950523,17613.833327312022,-7.840025443556587E-5,-1.1732465E-11,0.0,579.9445919804275,-0.23085759580135345,84.6463673710823,LOS,
73,26.0,0,-2850234.3429955356,28,27,29,37,14,-0.16200000000026193,18553.460203323513,1.1720241855073237E-4,1.8189894E-12,0.0,359.6560575403273,4.5592405423521996,-23.73882871493697,NLOS,
74,48.0,0,-2874485.0420770347,40,39,40,46,10,0.30099999999947613,18442.164815809578,3.6716590329888094E-5,1.8189894E-12,0.0,248.36067002266645,0.2039400190114975,97.91597628965974,LOS,
75,32.0,0,-3026536.8531447686,24,23,24,29,7,1.2449999999989814,17636.7779289186,-4.707701218649162E-4,-9.094947E-13,0.0,557.0270348452032,-3.3638301491737366,9.038192804902792,LOS,
76,27.0,0,-2887871.5666892305,24,23,23,25,0,1.3169999999990978,18313.298557937145,0.0,0.0,0.0,119.49386683478951,3.55147397890687,2477.0837241113186,NLOS,
23,39.0,2,-2911490.699600756,50,49,50,50,36,0.09600000000136788,17787.619724754244,-8.684648553693671E-5,5.4531553E-13,0.0,406.00381160899997,-0.21068286150693893,60.29526785761118,LOS,
31,40.0,2,-2788902.1562248506,39,38,39,41,0,0.16200000000026193,18315.988711833954,3.2327733735744874E-4,-7.8354402E-13,0.0,122.0557543002069,-0.16032889112830162,423.7808418162167,NLOS,
1,78.0,2,-2906396.5435970016,40,40,40,42,19,0.26299999999901047,18115.70467083901,-9.345414201514055E-6,9.3801497E-13,0.0,78.04938115924597,0.25215407460927963,6.571246277540922,LOS,
3,47.0,2,-2845649.2006547675,30,29,30,36,7,0.17000000000189175,17901.90842655301,1.9359870068720494E-4,2.1953758E-11,0.0,291.17203621193767,0.8870420567691326,100.3433431647718,NLOS,
4,64.0,2,-2905598.6621425897,48,47,48,48,42,0.25200000000040745,18543.63339493051,-6.773078074538069E-6,1.9133729E-13,0.0,349.85979349538684,0.2494119554758072,-20.143237825483084,LOS,
8,44.0,2,-2899002.399312757,43,43,44,49,38,0.23500000000058208,17879.67334172502,1.7158810287575017E-5,4.6850583E-12,0.0,314.1933103315532,0.2062600627541542,558.1935690008104,NLOS,
9,8.0,2,-2927176.8833311647,46,45,46,47,42,0.18100000000049477,17614.00680373609,-7.84002661680315E-5,-1.1732465E-11,0.0,579.7714872062206,0.17310477420687675,84.78717257082462,LOS,
73,26.0,0,-2868430.5328173004,29,28,28,37,14,0.6310000000012224,18549.855883400887,1.1720242036972184E-4,1.8189894E-12,0.0,356.051737613976,-3.604319926351309,-21.353152737021446,NLOS,
74,48.0,0,-2892671.9265867136,40,39,40,46,10,0.2639999999992142,18441.38409738615,3.671659214887757E-5,1.8189894E-12,0.0,247.5799516029656,-0.780718419700861,90.99634018540382,LOS,
75,32.0,0,-3044734.669063449,24,23,24,29,7,-0.9049999999988358,17644.095869757235,-4.7077012277441094E-4,-9.094947E-13,0.0,549.7090940065682,7.317940838634968,13.049147721379995,LOS,
76,27.0,0,-2906063.2770391293,30,23,24,30,0,0.2459999999991851,18277.677234880626,0.0,0.0,0.0,83.87254377454519,-35.62132306024432,2474.989382904023,NLOS,
23,39.0,2,-2929684.7932714894,49,49,50,50,36,0.2109999999993306,17787.82116052881,-8.684648499162115E-5,5.4531553E-13,0.0,405.80702140554786,0.1967902034521103,60.58441096916795,LOS,
31,40.0,2,-2807095.940230433,39,38,39,41,0,0.27700000000186265,18316.254886653274,3.2327733657390467E-4,-7.8354402E-13,0.0,122.38046312332153,0.32470882311463356,423.75992139428854,NLOS,
1,78.0,2,-2924590.5126045756,41,40,40,42,19,0.09799999999813735,18115.811061665416,-9.34541326349911E-6,9.3801497E-13,0.0,77.93927387520671,0.11010728403925896,6.7358439564704895,LOS,
3,47.0,2,-2863844.5268471725,30,29,30,36,7,0.00999999999839929,17901.926726009697,1.935987226409624E-4,2.1953758E-11,0.0,290.43683328107,0.735202930867672,101.87142603844404,NLOS,
4,64.0,2,-2923792.611470312,48,47,48,48,42,0.09000000000014552,18543.732356987894,-6.773077883200784E-6,1.9133729E-13,0.0,349.95875556766987,0.09896207228302956,-19.998543847352266,LOS,
8,44.0,2,-2917196.116802264,43,42,44,49,38,0.08599999999933061,17879.767074629664,1.7158814972633247E-5,4.6850583E-12,0.0,314.1075677908957,0.0857425406575203,558.1077719479799,NLOS,
9,8.0,2,-2945370.8218069226,46,45,46,47,42,0.024000000001251465,17614.039183042943,-7.84002779004964E-5,-1.1732465E-11,0.0,579.7483990415931,0.023088164627552032,84.91743992269039,LOS,
73,26.0,0,-2886627.630799696,29,28,29,37,14,0.5849999999991269,18550.768610827625,1.172024221887112E-4,1.8189894E-12,0.0,356.96446504443884,0.9127274304628372,-18.059316124767065,NLOS,
74,48.0,0,-2910859.479612954,40,39,40,46,10,0.1500000000014552,18442.20759006962,3.6716593967866935E-5,1.8189894E-12,0.0,248.40344428271055,0.8234926797449589,84.74522063881159,LOS,
75,32.0,0,-3062923.7311236113,23,22,24,29,7,-0.2710000000006403,17635.439088795334,-4.7077012368390564E-4,-9.094947E-13,0.0,558.3658749684691,-8.65678096190095,8.306244120001793,LOS,
76,27.0,0,-2924225.9198288247,30,29,30,30,0,-0.04899999999906868,18248.921768292785,0.0,0.0,0.0,55.11707719042897,-28.75546658411622,2443.827481497079,NLOS,
23,39.0,2,-2947878.874619227,49,48,50,50,36,0.04899999999906868,17787.878772124648,-8.684648444630564E-5,5.4531553E-13,0.0,405.75907258316875,0.047948822379112244,60.861231081187725,LOS,
31,40.0,2,-2825289.704619691,39,38,39,41,0,0.11199999999735155,18316.377407494932,3.2327733579036065E-4,-7.8354402E-13,0.0,122.48644579201937,0.10598266869783401,423.7193846479058,NLOS,
1,78.0,2,-2942784.79797253,40,40,41,42,19,0.4510000000009313,18116.26336393878,-9.345412325484163E-6,9.3801497E-13,0.0,77.8105493336916,0.12872454151511192,6.917009558528662,LOS,
3,47.0,0,-2882077.1093271375,29,20,30,36,7,0.5080000000016298,17902.436238069087,1.9359874459471988E-4,2.1953758E-11,0.0,253.4578446187079,36.9789886623621,140.35600401088595,NLOS,
4,64.0,2,-2941986.8884821422,48,47,48,48,42,0.4350000000013097,18544.167871464044,-6.773077691863499E-6,1.9133729E-13,0.0,350.08611557260156,0.1273600049316883,-19.825958218425512,LOS,
8,44.0,2,-2935390.1691591404,43,42,43,49,38,0.4239999999990687,17880.192036319524,1.715881965769148E-5,4.6850583E-12,0.0,313.9825843833387,0.12498340755701065,558.0570498071611,NLOS,
9,8.0,2,-2963565.0976208188,46,45,46,47,42,0.375,17614.414206195623,-7.840028963296133E-5,-1.1732465E-11,0.0,579.6772564351559,0.07114260643720627,85.08525295183063,LOS,
73,26.0,0,-2904826.121558856,29,28,29,37,14,-0.6299999999973807,18552.16399651766,1.1720242400770057E-4,1.8189894E-12,0.0,358.06005827337503,1.0955932289361954,-13.67249520868063,NLOS,
74,48.0,0,-2929044.3243790343,40,39,40,46,10,0.5839999999989232,18439.65353664756,3.67165957868563E-5,1.8189894E-12,0.0,245.5495984070003,-2.853845875710249,75.48604847863317,LOS,
75,32.0,0,-3081122.1643783934,23,22,24,29,7,1.870999999999185,17644.908685147762,-4.707701245934003E-4,-9.094947E-13,0.0,549.1960710734129,9.169803895056248,12.634742680937052,LOS,
76,27.0,0,-2942444.268600393,30,29,30,30,0,0.6000000000021828,18304.784861210734,0.0,0.0,0.0,110.6803776472807,55.56330045685172,2468.071769502014,NLOS,
23,39.0,2,-2966073.2927321456,49,48,49,50,36,0.39800000000104774,17788.278759289533,-8.684648390099012E-5,5.4531553E-13,0.0,405.66185104101896,0.09722154214978218,61.175023920834064,LOS,
31,40.0,2,-2843483.8267102055,39,38,39,41,0,0.47400000000197906,18316.85086144507,3.232773350068167E-4,-7.8354402E-13,0.0,122.66995586827397,0.18351007625460625,423.7367566972971,NLOS,
1,78.0,2,-2960978.838733945,40,40,41,42,19,-0.09000000000014552,18116.162877582014,-9.345411387469162E-6,9.3801497E-13,0.0,77.94299717620015,-0.13244784250855446,6.853568624705076,LOS,
3,47.0,0,-2900278.8408784755,23,22,30,36,7,-0.03499999999985448,17902.390598807484,1.9359876654847865E-4,2.1953758E-11,0.0,284.28629307076335,-30.828448452055454,147.9896533600986,NLOS,
4,64.0,2,-2960180.9560141005,48,47,48,48,42,-0.1069999999999709,18544.051737502217,-6.773077500526204E-6,1.9133729E-13,0.0,349.97611374408007,-0.1100018285214901,-19.862852457910776,LOS,
8,44.0,2,-2953584.0214361735,43,42,43,49,38,-0.11200000000098953,17880.070153351873,1.715882434274999E-5,4.6850583E-12,0.0,314.0927605368197,-0.11017615348100662,557.8062478229403,NLOS,
9,8.0,2,-2981759.1516420767,46,45,46,47,42,-0.1720000000022992,17614.23285800591,-7.840030136542693E-5,-1.1732465E-11,0.0,579.8654800802469,-0.18822364509105682,85.03127334266901,LOS,
73,26.0,0,-2923026.999337185,29,20,29,37,14,1.198999999996886,18554.557696133852,1.1720242582669004E-4,1.8189894E-12,0.0,360.4537578932941,2.3936996199190617,-6.898655120283365,NLOS,
74,48.0,0,-2947229.3931602575,40,39,40,46,10,-0.31999999999970896,18440.033275291324,3.6716597605845776E-5,1.8189894E-12,0.0,245.92933704704046,0.3797386400401592,66.45089145749807,LOS,
75,32.0,0,-3099316.9436102025,23,22,23,29,7,-1.0020000000004075,17641.35054868087,-4.7077012550289504E-4,-9.094947E-13,0.0,552.7542075403035,-3.5581364668905735,13.309218268841505,LOS,
76,27.0,0,-2960652.6722060256,30,29,30,30,0,-0.20900000000256114,18294.996780999005,0.0,0.0,0.0,100.89229743927717,-9.788080208003521,2482.37089157477,NLOS,
23,39.0,2,-2984267.5006437004,48,48,49,50,36,-0.14199999999982538,17788.125811375678,-8.684648335567457E-5,5.4531553E-13,0.0,405.8118258006871,-0.1499747596681118,61.27861539646983,LOS,
31,40.0,2,-2861677.8221946545,39,38,39,41,0,-0.09100000000034925,18316.75062964484,3.232773342232726E-4,-7.8354402E-13,0.0,122.66895315051079,-0.001002717763185501,423.62752268463373,NLOS,
1,78.0,2,-2979172.818052165,40,39,40,42,19,0.05500000000029104,18116.226988360286,-9.345410449454218E-6,9.3801497E-13,0.0,77.89226561039686,0.05073156580328941,6.728684488683939,LOS,
3,47.0,0,-2918473.258284088,25,24,29,36,7,-0.26000000000203727,17902.13941792026,1.9359878850223612E-4,2.1953758E-11,0.0,291.5779194459319,-7.291626375168562,148.30915698036551,NLOS,
4,64.0,2,-2978374.9682489596,48,47,48,48,42,0.037000000000261934,18544.097165826708,-6.773077309188918E-6,1.9133729E-13,0.0,350.02024130523205,0.044127561151981354,-19.95504380017519,LOS,
8,44.0,2,-2971777.8469345793,43,42,43,49,38,0.024000000001251465,17880.10304106772,1.715882902780822E-5,4.6850583E-12,0.0,314.0295837447047,0.06317679211497307,557.5286672115326,NLOS,
9,8.0,2,-2999953.147436846,46,45,46,47,42,-0.030999999999039574,17614.21050683409,-7.840031309789182E-5,-1.1732465E-11,0.0,579.8900611251593,-0.024581044912338257,84.91906724497676,LOS,
73,26.0,0,-2941212.510769479,21,20,29,37,14,-1.3869999999988067,18539.195885982364,1.172024276456794E-4,1.8189894E-12,0.0,345.0919477380812,-15.36181015521288,-15.491161070764065,NLOS,
74,48.0,0,-2965413.4431094453,40,40,40,46,10,0.18100000000049477,18439.169350735843,3.671659942483514E-5,1.8189894E-12,0.0,245.06541249528527,-0.8639245517551899,56.39690240472555,LOS,
75,32.0,0,-3117518.734386429,23,22,23,29,7,-0.3139999999984866,17648.459301557392,-4.7077012641238975E-4,-9.094947E-13,0.0,545.6454546637833,7.108752876520157,20.99523827433586,LOS,
76,27.0,0,-2978829.4814180806,30,29,30,30,0,0.08799999999973807,18263.55943229422,0.0,0.0,0.0,69.45494873076677,-31.4373487085104,2465.0756200663745,NLOS,
23,39.0,2,-3002461.641371157,48,47,49,50,36,-0.004000000000814907,17788.130611579865,-8.684648281035905E-5,5.4531553E-13,0.0,405.8187324218452,-0.006906621158123016,61.31502277031541,LOS,
31,40.0,2,-2879871.808481768,39,38,39,41,0,0.06799999999930151,18316.82780707255,3.232773334397286E-4,-7.8354402E-13,0.0,122.78533909469843,0.11638594418764114,423.5090913362801,NLOS,
1,78.0,2,-2997366.817990985,40,39,40,42,19,0.15799999999944703,18116.386544082314,-9.345409511439273E-6,9.3801497E-13,0.0,77.7594682648778,0.13279734551906586,6.624420959502459,LOS,
3,47.0,0,-2936663.2150468007,26,25,25,36,7,-0.06299999999828287,17902.077773846686,1.9359881045599356E-4,2.1953758E-11,0.0,296.0160566754639,-4.438137229532003,144.1680177040398,NLOS,
4,64.0,2,-2996569.015359167,48,47,48,48,42,0.14799999999740976,18544.24541246891,-6.7730771178516335E-6,1.9133729E-13,0.0,350.1545513048768,0.13430999964475632,-20.01235979422927,LOS,
8,44.0,2,-2989971.750465341,43,42,43,49,38,0.13999999999941792,17880.243893589824,1.7158833712866448E-5,4.6850583E-12,0.0,313.8616010993719,0.16798264533281326,557.3291189596057,NLOS,
9,8.0,2,-3018147.1886902116,46,45,46,47,42,0.08599999999933061,17614.296086154878,-7.840032483035673E-5,-1.1732465E-11,0.0,579.8109855912626,0.07907553389668465,84.85231974348426,LOS,
73,26.0,0,-2959396.463775076,20,19,29,37,14,0.2459999999991851,18537.64201906696,1.1720242946466878E-4,1.8189894E-12,0.0,343.5380808264017,-1.5538669116795063,-25.64209371432662,NLOS,
74,48.0,0,-2983600.161032319,40,40,40,46,10,0.2639999999992142,18441.99223139137,3.67166012438245E-5,1.8189894E-12,0.0,247.8882931470871,2.8228806518018246,49.010887034237385,LOS,
75,32.0,0,-3135719.6128018983,24,23,23,29,7,0.2180000000007567,17647.644145794213,-4.707701273218844E-4,-9.094947E-13,0.0,546.4606104269624,-0.8151557631790638,27.768897522240877,LOS,
76,27.0,0,-2997035.629125692,30,29,30,30,0,0.1069999999999709,18293.054947562516,0.0,0.0,0.0,98.95046400278807,29.495515272021294,2477.1188441179693,NLOS,
23,39.0,2,-3020655.8228631616,48,47,48,50,36,0.10900000000037835,17788.24129376188,-8.684648226504353E-5,5.4531553E-13,0.0,405.71771300956607,0.10101941227912903,61.39219469577074,LOS,
31,40.0,2,-2898065.7732066065,39,38,39,41,0,0.17199999999866122,18316.99872623384,3.232773326561846E-4,-7.8354402E-13,0.0,122.88936225697398,0.10402316227555275,423.36909771338105,NLOS,
1,78.0,2,-3015560.8083724976,40,39,40,42,19,0.11000000000058208,18116.485263332725,-9.34540857342427E-6,9.3801497E-13,0.0,77.65684685111046,0.1026214137673378,6.510600116103888,LOS,
3,47.0,0,-2954859.992737554,27,26,26,36,7,0.19399999999950523,17902.261313036084,1.9359883240975236E-4,2.1953758E-11,0.0,289.1726366132498,6.843420062214136,146.8478064648807,NLOS,
4,64.0,2,-3014763.0457074717,48,47,48,48,42,0.09600000000136788,18544.33292657137,-6.773076926514337E-6,1.9133729E-13,0.0,350.2372339963913,0.08268269151449203,-20.086437691003084,LOS,
8,44.0,2,-3008165.671730824,43,42,43,49,38,0.08400000000256114,17880.318311303854,1.7158838397924962E-5,4.6850583E-12,0.0,313.7539211809635,0.10767991840839386,557.1473054252565,NLOS,
9,8.0,2,-3036341.219169695,46,45,46,47,42,0.0290000000022701,17614.317414164543,-7.840033656282235E-5,-1.1732465E-11,0.0,579.7881710194051,0.022814571857452393,84.7747983597219,LOS,
73,26.0,0,-2977587.1472976804,20,19,21,37,14,0.11700000000200816,18544.37711974606,1.1720243128365825E-4,1.8189894E-12,0.0,350.273181501776,6.7351006753742695,-29.06250935420394,NLOS,
74,48.0,0,-3001789.2190961316,40,40,40,46,10,0.02600000000165892,18444.487278785557,3.671660306281398E-5,1.8189894E-12,0.0,250.38334054499865,2.4950473979115486,43.96501260623336,LOS,
75,32.0,0,-3153919.1294678673,24,23,24,29,7,0.05699999999706051,17646.379597872496,-4.7077012823137915E-4,-9.094947E-13,0.0,547.7251583486795,-1.264547921717167,33.18080727010965,LOS,
76,27.0,0,-3015201.309041638,30,29,30,30,0,0.28700000000026193,18252.744150534272,0.0,0.0,0.0,58.639666970819235,-40.31079703196883,2448.6942765004933,NLOS,
23,39.0,2,-3038849.987828199,47,46,48,50,36,0.05500000000029104,17788.286671474576,-8.684648171972798E-5,5.4531553E-13,0.0,405.6740077137947,0.0437052957713604,61.45283965021372,LOS,
31,40.0,2,-2916259.80041584,39,38,39,41,0,0.12300000000323053,18317.114141788334,3.2327733187264055E-4,-7.8354402E-13,0.0,123.07743423432112,0.18807197734713554,423.29158848151565,NLOS,
1,78.0,2,-3033754.4082732573,40,39,40,42,19,-0.28700000000026193,18116.208092316985,-9.345407635409325E-6,9.3801497E-13,0.0,77.63534029200673,0.02150655910372734,6.306090984493494,LOS,
3,47.0,0,-2973065.709479347,28,27,27,36,7,-0.37299999999959255,17901.899062402546,1.935988543635098E-4,2.1953758E-11,0.0,279.9112614803016,9.26137513294816,158.76643872633576,NLOS,
4,64.0,2,-3032956.7034413368,48,47,48,48,42,-0.29100000000107684,18544.050597436726,-6.773076735177052E-6,1.9133729E-13,0.0,350.2638026177883,0.026568621397018433,-20.233337566256523,LOS,
8,44.0,2,-3026359.2217372693,43,42,43,49,38,-0.30200000000331784,17880.025900218636,1.715884308298319E-5,4.6850583E-12,0.0,313.73539044335485,0.01853073760867119,556.894025310874,NLOS,
9,8.0,2,-3054534.850879874,45,45,46,47,42,-0.35900000000037835,17613.96717644483,-7.840034829528726E-5,-1.1732465E-11,0.0,579.8534820862114,-0.06531106680631638,84.59830013290048,LOS,
73,26.0,0,-2995772.6083830297,20,19,20,37,14,-0.6069999999999709,18539.159225482494,1.1720243310264761E-4,1.8189894E-12,0.0,345.3550796993077,-4.9181018024683,-37.40556978806853,NLOS,
74,48.0,0,-3019979.3033218198,40,40,40,46,10,-0.15100000000165892,18445.66829995811,3.671660488180334E-5,1.8189894E-12,0.0,251.8641541711986,1.4808136261999607,40.24509250745177,LOS,
75,32.0,0,-3172113.558356788,24,23,24,29,7,-0.091999999996915,17641.389119930565,-4.707701291408738E-4,-9.094947E-13,0.0,552.4158438332379,-4.690685484558344,33.804732427001,LOS,
76,27.0,0,-3033413.2228464857,30,29,30,30,0,-0.8829999999979918,18299.13499313593,0.0,0.0,0.0,105.3303020298481,46.690635059028864,2466.8033902421594,NLOS,
23,39.0,2,-3057043.7598886974,47,46,48,50,36,-0.33399999999892316,17787.96241265908,-8.684648117441246E-5,5.4531553E-13,0.0,405.70683608576655,-0.03282837197184563,61.420372527092695,LOS,
31,40.0,2,-2934453.417059507,38,37,39,41,0,-0.2680000000000291,18316.85460108891,3.2327733108909653E-4,-7.8354402E-13,0.0,123.09222838655114,0.014794152230024338,423.10330614447594,NLOS,
1,78.0,2,-3051948.0183520205,40,39,40,42,19,0.11700000000200816,18116.31671140343,-9.345406697394323E-6,9.3801497E-13,0.0,77.51297031715512,0.12236997485160828,6.111759852617979,LOS,
3,47.0,0,-2991263.6715461425,27,26,28,36,7,-0.11200000000098953,17901.77817964554,1.9359887631726863E-4,2.1953758E-11,0.0,287.6434367746115,-7.7321752943098545,162.93039598688483,NLOS,
4,64.0,2,-3051150.342191588,48,47,48,48,42,0.09400000000096043,18544.13475272432,-6.773076543839756E-6,1.9133729E-13,0.0,350.3442414775491,0.08043885976076126,-20.399221058934927,LOS,
8,44.0,2,-3044552.746012684,43,43,43,49,38,0.08700000000317232,17880.104264251888,1.7158847768041712E-5,4.6850583E-12,0.0,313.6711489148438,0.06424152851104736,556.6150141656399,NLOS,
9,8.0,2,-3072728.460506346,45,44,46,47,42,0.024999999997817213,17613.98333927244,-7.840036002775289E-5,-1.1732465E-11,0.0,579.8419648297131,0.011517256498336792,84.39971819519997,LOS,
73,26.0,0,-3013972.111309558,28,20,20,37,14,-0.5630000000019209,18553.20565567538,1.1720243492163708E-4,1.8189894E-12,0.0,359.4015098884702,14.046430189162493,-31.706789046525955,NLOS,
74,48.0,0,-3038170.7891212255,40,40,40,46,10,0.23500000000058208,18447.224748425186,3.671660670079282E-5,1.8189894E-12,0.0,253.42060264199972,1.556448470801115,37.926746129989624,LOS,
75,32.0,0,-3190309.1755836047,25,24,24,29,7,0.013999999999214197,17642.67471883446,-4.7077013005036855E-4,-9.094947E-13,0.0,551.1302449293435,1.2855989038944244,35.616995479911566,LOS,
76,27.0,0,-3051609.7816977724,30,29,30,30,0,0.8479999999981374,18283.936973746866,0.0,0.0,0.0,90.13228264451027,-15.19801938533783,2469.5575504265726,NLOS,
23,39.0,2,-3075237.485488344,41,40,47,50,36,0.06599999999889405,17788.018926672637,-8.684648062909692E-5,5.4531553E-13,0.0,405.69306126981974,0.013774815946817398,61.34144455194473,LOS,
31,40.0,2,-2952646.9502874464,38,37,39,41,0,0.12299999999959255,18316.969418961555,3.232773303055525E-4,-7.8354402E-13,0.0,123.1343897767365,0.04216139018535614,422.83160807937384,NLOS,
1,78.0,2,-3070141.8036832586,40,39,40,42,19,0.2559999999975844,18116.581315867603,-9.345405759379376E-6,9.3801497E-13,0.0,76.92571723461151,0.5872530825436115,6.39247365295887,LOS,
3,47.0,0,-3009434.3983646072,27,18,28,36,7,-0.39400000000023283,17901.39174937457,1.9359889821413234E-4,2.1951664E-11,0.0,314.55989738181233,-26.91646060720086,140.15888032317162,NLOS,
4,64.0,2,-3069344.138231717,48,47,48,48,42,0.25200000000040745,18544.396427761763,-6.773076352502471E-6,1.9133729E-13,0.0,350.900691781193,0.5564503036439419,-20.108022212982178,LOS,
8,44.0,2,-3062746.4112339094,43,43,43,49,38,0.23699999999735155,17880.3491717726,1.7158852453099948E-5,4.6850583E-12,0.0,313.140385620296,0.5307632945477962,556.7767412923276,NLOS,
9,8.0,2,-3090922.22398806,45,44,45,47,42,0.1820000000006985,17614.17366084084,-7.84003717602178E-5,-1.1732465E-11,0.0,579.3546381369233,0.487326692789793,84.65478396043181,LOS,
73,26.0,0,-3032164.7955139056,29,28,28,37,14,1.1409999999996217,18546.39148136601,1.1720243674062646E-4,1.8189894E-12,0.0,352.8871280401945,-6.5143818482756615,-32.526938024908304,NLOS,
74,48.0,0,-3056362.673157282,40,40,40,46,10,0.18700000000171713,18447.777812268585,3.6716608519782183E-5,1.8189894E-12,0.0,254.27345894277096,0.8528563007712364,36.306428860872984,LOS,
75,32.0,0,-3208503.5950958915,25,24,25,29,7,0.7849999999998545,17641.57436349988,-4.7077013095986325E-4,-9.094947E-13,0.0,551.9308078065515,-0.8005628772079945,36.53133646026254,LOS,
76,27.0,0,-3069812.5906103887,29,28,30,30,0,0.125,18290.343928251415,0.0,0.0,0.0,96.83902960643172,6.7067469619214535,2478.861564397812,NLOS,
23,39.0,2,-3093431.2966552563,40,39,47,50,36,0.2000000000007276,17788.22666047141,-8.684648008378139E-5,5.4531553E-13,0.0,405.2474139519036,0.44564731791615486,61.6478762999177,LOS,
31,40.0,2,-2970840.6185275614,38,37,38,41,0,0.27599999999802094,18317.254144623876,3.232773295220085E-4,-7.8354402E-13,0.0,123.69475097954273,0.5603612028062344,422.9947146475315,NLOS,
1,78.0,2,-3088335.6201943494,40,39,40,42,19,0.15200000000186265,18116.733811102808,-9.34540482136443E-6,9.3801497E-13,0.0,77.08211974799633,-0.15640251338481903,6.404574852436781,LOS,
3,47.0,0,-3027602.7027603164,24,23,27,36,7,0.8379999999997381,17902.22999036312,1.9359892016579709E-4,2.1951664E-11,0.0,317.2562316954136,-2.6963343136012554,114.66516587138176,NLOS,
4,64.0,2,-3087537.965189919,48,47,48,48,42,0.13399999999819556,18544.531183443964,-6.773076161165186E-6,1.9133729E-13,0.0,350.7311952635646,-0.16949651762843132,-20.085697755217552,LOS,
8,44.0,2,-3080940.1153425276,43,42,43,49,38,0.13500000000203727,17880.483839526772,1.7158857138158184E-5,4.6850583E-12,0.0,313.31127082556486,-0.17088520526885986,556.6775633506477,NLOS,
9,8.0,2,-3109116.034412764,45,44,45,47,42,0.08200000000215368,17614.25481176749,-7.840038349268273E-5,-1.1732465E-11,0.0,579.5738371387124,-0.21919900178909302,84.65700025483966,LOS,
73,26.0,0,-3050355.289865557,30,29,29,37,14,-0.40199999999822467,18544.20620039478,1.1720243855961582E-4,1.8189894E-12,0.0,350.4020546115935,-2.4850734286010265,-35.836732156574726,NLOS,
74,48.0,0,-3074556.058408525,40,40,40,46,10,0.2680000000000291,18449.433854073286,3.671661033877155E-5,1.8189894E-12,0.0,255.6297082863748,1.3562493436038494,35.88753431662917,LOS,
75,32.0,0,-3226693.439663116,25,24,25,29,7,-0.20300000000133878,17637.096774149686,-4.707701318693579E-4,-9.094947E-13,0.0,556.7081896141171,-4.777381807565689,32.57093992084265,LOS,
76,27.0,0,-3087978.8328743577,29,28,30,30,0,0.07400000000052387,18253.93414787203,0.0,0.0,0.0,60.129456765949726,-36.709572840482,2451.299137260765,NLOS,
23,39.0,2,-3111625.087347351,40,39,41,50,36,0.10900000000037835,17788.33613407612,-8.684647953846588E-5,5.4531553E-13,0.0,405.507416293025,-0.26000234112143517,61.63404077291489,LOS,
31,40.0,2,-2989034.371205818,38,37,38,41,0,0.1680000000014843,18317.422145582736,3.2327732873846447E-4,-7.8354402E-13,0.0,123.60495534911752,-0.08979563042521477,422.9424668997526,NLOS,
1,78.0,2,-3106529.7395665273,40,39,40,42,19,0.42599999999947613,18117.15074244514,-9.345403883349427E-6,9.3801497E-13,0.0,76.96683909744024,0.1152806505560875,6.419744677841663,LOS,
3,47.0,0,-3045778.247300174,35,26,27,36,7,0.06400000000212458,17902.28569895774,1.9359894211746313E-4,2.1951664E-11,0.0,310.2933730073273,6.962858688086271,96.11180311068892,NLOS,
4,64.0,2,-3105732.1094380915,48,47,48,48,42,0.4220000000022992,18544.94321578741,-6.773075969827889E-6,1.9133729E-13,0.0,350.8480807133019,0.11688544973731041,-20.045875780284405,LOS,
8,44.0,2,-3099134.0861550607,43,42,43,49,38,0.40199999999822467,17880.877722524107,1.71588618232167E-5,4.6850583E-12,0.0,313.2543448060751,0.05692601948976517,556.5452968664467,NLOS,
9,8.0,2,-3127310.1470832303,45,44,45,47,42,0.34100000000034925,17614.58844931051,-7.840039522514835E-5,-1.1732465E-11,0.0,579.5377621799707,0.036074958741664886,84.66166985407472,LOS,
73,26.0,0,-3068551.138489343,31,31,30,37,14,0.5839999999989232,18549.565068274736,1.172024403786053E-4,1.8189894E-12,0.0,355.4611300304532,5.05907541885972,-34.09204661473632,NLOS,
74,48.0,0,-3092750.500411615,40,39,40,46,10,0.4639999999999418,18450.645432088524,3.6716612157761024E-5,1.8189894E-12,0.0,256.5414938479662,0.9117855615913868,36.22559916600585,LOS,
75,32.0,0,-3244885.442478955,25,24,25,29,7,0.3029999999998836,17639.352374739945,-4.7077013277885266E-4,-9.094947E-13,0.0,554.7523814812303,1.9558081328868866,30.468999538570642,LOS,
76,27.0,0,-3106146.7942803763,29,28,29,30,0,0.7129999999997381,18255.81013340503,0.0,0.0,0.0,61.705649845302105,1.5761930793523788,2425.156059719622,NLOS,
23,39.0,2,-3129819.0885003023,39,38,40,50,36,0.375,17788.70197821036,-8.684647899315033E-5,5.4531553E-13,0.0,405.5365058146417,-0.02908952161669731,61.53087364137173,LOS,
31,40.0,2,-3007228.514753688,37,32,38,41,0,0.4510000000009313,18317.863875463605,3.2327732795492045E-4,-7.8354402E-13,0.0,123.82159339636564,0.21663804724812508,422.98129630833864,NLOS,
1,78.0,2,-3124724.10396567,41,40,40,42,19,0.32999999999810825,18117.48848614469,-9.345402945334483E-6,9.3801497E-13,0.0,76.30979157611728,0.6570475213229656,6.9797339253127575,LOS,
3,47.0,2,-3063972.9419441186,35,34,35,36,7,0.32999999999810825,17902.623932033777,1.9359896406912785E-4,2.1951664E-11,0.0,290.82092939689755,19.472443610429764,97.00833689421415,NLOS,
4,64.0,2,-3123926.476092357,48,47,48,48,42,0.3129999999982829,18545.26476951316,-6.7730757784906045E-6,1.9133729E-13,0.0,351.4696127139032,0.6215320006012917,-19.48385525867343,LOS,
8,44.0,2,-3117328.235554591,43,42,43,49,38,0.30500000000029104,17881.191531263292,1.715886650827493E-5,4.6850583E-12,0.0,312.6858984902501,0.5684463158249855,556.8914098404348,NLOS,
9,8.0,2,-3145504.487251941,45,44,45,47,42,0.25,17614.847417153418,-7.840040695761325E-5,-1.1732465E-11,0.0,578.9767720066011,0.5609901733696461,85.19363015517592,LOS,
73,26.0,0,-3086746.5090765953,32,31,31,37,14,0.42000000000189175,18549.091586437076,1.1720244219759466E-4,1.8189894E-12,0.0,355.28744065389037,-0.17368937656283379,-32.52560514584184,NLOS,
74,48.0,0,-3110944.2149288356,40,39,40,46,10,0.4219999999986612,18450.072724793106,3.6716613976750394E-5,1.8189894E-12,0.0,256.26857900619507,-0.2729148417711258,36.13597059994936,LOS,
75,32.0,0,-3263076.991890069,25,25,25,29,7,0.3260000000009313,17638.99641993642,-4.7077013368834736E-4,-9.094947E-13,0.0,554.8085438273847,-0.05616234615445137,28.213446889072657,LOS,
76,27.0,0,-3124371.990938723,28,22,29,30,0,0.9530000000013388,18312.895712103695,0.0,0.0,0.0,119.09102099761367,57.38537115231156,2456.548026960343,NLOS,
23,39.0,2,-3148013.1612455808,39,29,40,50,29,0.25200000000040745,17788.963196899742,-8.684647844783482E-5,5.4531553E-13,0.0,405.1048272177577,0.4316785968840122,61.799091298133135,LOS,
31,40.0,2,-3024767.5154452138,33,32,38,41,0,0.31199999999807915,18318.184907577932,3.239165416756874E-4,-1.5565847E-12,0.0,316.0965897887945,192.27499639242887,-40.1912507340312,NLOS,
1,78.0,2,-3142918.39778322,41,40,41,42,19,0.043000000001484295,18117.53310771659,-9.345402007319538E-6,9.3801497E-13,0.0,76.56793566793203,-0.2581440918147564,7.169349122792482,LOS,
3,47.0,2,-3082165.9659338295,36,35,35,36,7,-0.043000000001484295,17902.58131814748,1.9359898602079253E-4,2.1951664E-11,0.0,292.7688427641988,-1.9479133673012257,95.93442398682237,NLOS,
4,64.0,2,-3142120.781903386,48,47,48,48,42,0.03299999999944703,18545.29881020263,-6.77307558715332E-6,1.9133729E-13,0.0,351.20832066610456,-0.2612920477986336,-19.282470431178808,LOS,
8,44.0,2,-3135522.2919031717,43,42,43,49,38,0.0290000000022701,17881.221618115902,1.715887119333316E-5,4.6850583E-12,0.0,312.98868053406477,-0.3027820438146591,556.8446794040501,NLOS,
9,8.0,2,-3163698.765293259,45,44,45,47,42,-0.0290000000022701,17614.818774305284,-7.840041869007815E-5,-1.1732465E-11,0.0,579.3050214983523,-0.328249491751194,85.36367060616612,LOS,
73,26.0,0,-3104942.708595734,33,32,32,37,14,-0.5320000000028813,18549.925097178668,1.1720244401658402E-4,1.8189894E-12,0.0,355.8211589343846,0.5337182804942131,-30.43002425134182,NLOS,
74,48.0,0,-3129137.8208614103,40,39,40,46,10,-0.2220000000015716,18450.11891835183,3.671661579573976E-5,1.8189894E-12,0.0,256.01498011127114,-0.2535988949239254,35.63796493411064,LOS,
75,32.0,0,-3281271.8164377287,26,25,25,29,7,0.5149999999994179,17642.369002372026,-4.70770134597842E-4,-9.094947E-13,0.0,551.7357538491488,3.07278997823596,28.933238327503204,LOS,
76,27.0,0,-3142544.983457789,22,22,29,30,0,-1.0900000000001455,18261.158462554216,0.0,0.0,0.0,67.05397899448872,-52.03704200312495,2435.436062466353,NLOS,
23,39.0,2,-3166207.133110177,28,27,39,50,27,0.037000000000261934,17789.001561585814,-8.684647790251929E-5,5.4531553E-13,0.0,405.44522961601615,-0.34040239825844765,61.66663581505418,LOS,
31,40.0,2,-3042961.878191285,33,32,37,41,0,0.08599999999933061,18318.270280260593,3.239165401191027E-4,-1.5565847E-12,0.0,124.23259772360325,-191.86399206519127,-39.933454878628254,NLOS,
1,78.0,2,-3161112.8311939463,41,40,41,42,19,0.25799999999799184,18117.77991545573,-9.345401069304537E-6,9.3801497E-13,0.0,76.61590311676264,-0.04796744883060455,7.19876503944397,LOS,
3,47.0,2,-3100358.869933445,37,36,36,37,7,0.158000000003085,17902.729876685888,1.9359900797245855E-4,2.1951664E-11,0.0,293.1661057434976,-0.39726297929883003,94.44072852656245,NLOS,
4,64.0,2,-3160315.2048036978,48,47,48,48,42,0.23800000000119326,18545.5267743133,-6.773075395816024E-6,1.9133729E-13,0.0,351.1249713599682,-0.0833493061363697,-19.263788778334856,LOS,
8,44.0,2,-3153716.444005985,42,41,43,49,38,0.2319999999999709,17881.44366359338,1.7158875878391673E-5,4.6850583E-12,0.0,313.1026628986001,-0.11398236453533173,556.5939107388258,NLOS,
9,8.0,2,-3181893.1805916093,45,45,45,47,42,0.17599999999947613,17614.984283685684,-7.840043042254377E-5,-1.1732465E-11,0.0,579.4339157007635,-0.12889420241117477,85.37117563188076,LOS,
73,26.0,0,-3123136.2031248137,33,32,33,37,14,0.39900000000125146,18547.22471017763,1.172024458355735E-4,1.8189894E-12,0.0,352.82097947597504,-3.000179458409548,-31.339225873351097,NLOS,
74,48.0,0,-3147332.373045575,40,39,40,46,10,0.7849999999998545,18451.21994780749,3.671661761472923E-5,1.8189894E-12,0.0,256.8162171058357,0.8012369945645332,35.78641839697957,LOS,
75,32.0,0,-3299468.1599435434,26,25,26,29,7,0.31899999999950523,17643.98540236056,-4.7077013550733676E-4,-9.094947E-13,0.0,550.4191463217139,1.316607527434826,30.872195459902287,LOS,
76,27.0,0,-3160769.7899829373,22,21,28,30,0,0.26199999999880674,18313.129493117332,0.0,0.0,0.0,118.72521709650755,51.67123810201883,2465.8383115939796,NLOS,
23,39.0,2,-3184401.0416432247,27,26,39,50,26,0.20499999999810825,17789.19563549757,-8.684647735720375E-5,5.4531553E-13,0.0,405.7481059767306,-0.3028763607144356,61.17105632275343,LOS,
31,40.0,2,-3061156.344453294,33,32,33,41,0,0.25600000000122236,18318.51727771014,3.2391653856251787E-4,-1.5565847E-12,0.0,124.16196383535862,-0.0706338882446289,-39.87193554267287,NLOS,
1,78.0,2,-3179307.5013832375,41,40,41,42,19,0.32000000000334694,18118.109802190214,-9.345400131289594E-6,9.3801497E-13,0.0,76.26687670499086,0.3490264117717743,7.464959520846605,LOS,
3,47.0,2,-3118552.1210159548,37,36,37,37,7,0.24099999999816646,17902.981150295585,1.9359902992412324E-4,2.1951664E-11,0.0,292.79646315798163,0.36964258551597595,93.29411596059799,NLOS,
4,64.0,2,-3178509.8515272364,48,47,48,48,42,0.3110000000015134,18545.84692361951,-6.773075204478739E-6,1.9133729E-13,0.0,351.448093816638,0.32312245666980743,-19.02128389850259,LOS,
8,44.0,2,-3171910.7936009355,42,41,43,49,38,0.2969999999986612,17881.75058942288,1.7158880563449896E-5,4.6850583E-12,0.0,312.8150626271963,0.2876002714037895,556.5406342148781,NLOS,
9,8.0,2,-3200087.827035129,46,45,45,47,42,0.24200000000200816,17615.235954530537,-7.840044215500867E-5,-1.1732465E-11,0.0,579.1690514497459,0.2648642510175705,85.60982582718134,LOS,
73,26.0,0,-3141330.0832285956,33,32,33,37,14,0.1110000000007858,18547.614846780896,1.1720244765456287E-4,1.8189894E-12,0.0,353.2111160829663,0.39013660699129105,-31.862852789461613,NLOS,
74,48.0,0,-3165528.37672925,40,39,40,46,10,0.06800000000293949,18452.826177429408,3.671661943371859E-5,1.8189894E-12,0.0,258.4224467277527,1.6062296219170094,37.38637137040496,LOS,
75,32.0,0,-3317657.9008458406,26,25,26,29,7,-0.18599999999787542,17637.480338614434,-4.7077013641683147E-4,-9.094947E-13,0.0,556.9242100641131,-6.505063742399216,26.208549078553915,LOS,
76,27.0,0,-3178917.0414764397,21,20,22,30,0,1.018000000000029,18235.731444697827,0.0,0.0,0.0,41.32716867700219,-77.39804841950536,2418.685529075563,NLOS,
23,39.0,2,-3202595.2745366246,27,26,28,50,26,0.26199999999880674,17789.466943416744,-8.684647681188823E-5,5.4531553E-13,0.0,405.3634462542832,0.3846597224473953,60.999837182462215,LOS,
31,40.0,2,-3079351.016736213,32,31,33,41,0,0.3319999999985157,18318.858583640307,3.239165370059331E-4,-1.5565847E-12,0.0,124.49360694363713,0.33164310827851295,-39.60439529642463,NLOS,
1,78.0,2,-3197502.3593775667,41,40,41,42,19,0.2969999999986612,18118.407998733222,-9.345399193274649E-6,9.3801497E-13,0.0,75.96682194620371,0.30005475878715515,7.91895904019475,LOS,
3,47.0,2,-3136745.74418528,37,36,37,37,7,0.20899999999892316,17903.18865982443,1.935990518757879E-4,2.1951664E-11,0.0,292.40183030441403,0.39463285356760025,92.51959020644426,NLOS,
4,64.0,2,-3196704.6776433922,48,47,48,48,42,0.2849999999998545,18546.132872585207,-6.773075013141455E-6,1.9133729E-13,0.0,351.72679571807384,0.27870190143585205,-18.599386397749186,LOS,
8,44.0,2,-3190105.3381588906,42,41,42,49,38,0.2779999999984284,17882.02692147717,1.7158885248508118E-5,4.6850583E-12,0.0,312.52999690920115,0.2850657179951668,556.6823206953704,NLOS,
9,8.0,2,-3218282.6674351282,46,45,46,47,42,0.21700000000055297,17615.453566730022,-7.840045388747355E-5,-1.1732465E-11,0.0,578.9414048232138,0.2276466265320778,86.04243250191212,LOS,
73,26.0,0,-3159524.952999495,33,32,33,37,14,0.046999999998661224,18548.609099842608,1.1720244947355222E-4,1.8189894E-12,0.0,354.2053691409528,0.9942530579864979,-31.396812591701746,NLOS,
74,48.0,0,-3183723.5493864156,40,39,40,46,10,0.5039999999971769,18452.14988054335,3.6716621252707954E-5,1.8189894E-12,0.0,257.7461498454213,-0.6762968823313713,38.155297838151455,LOS,
75,32.0,0,-3335853.531814236,26,25,26,29,7,0.6119999999973516,17643.46794063598,-4.707701373263261E-4,-9.094947E-13,0.0,550.936608042568,5.987602021545172,27.434968795627356,LOS,
76,27.0,0,-3197136.966137495,21,20,22,30,0,0.8179999999993015,18308.56157054752,0.0,0.0,0.0,114.1572945266962,72.83012584969401,2444.2059141099453,NLOS,
23,39.0,2,-3220789.9263848513,35,27,27,50,26,0.2360000000007858,17789.703676104546,-8.684647626657272E-5,5.4531553E-13,0.0,404.884215015918,0.47923123836517334,61.247572872787714,LOS,
31,40.0,2,-3097545.935794439,32,31,33,41,0,0.29500000000189175,18319.154424756765,3.239165354493484E-4,-1.5565847E-12,0.0,124.86600685119629,0.3723999075591564,-39.09007973968983,NLOS,
1,78.0,2,-3215697.248622678,41,40,41,42,19,0.16999999999825377,18118.56878261268,-9.34539825525965E-6,9.3801497E-13,0.0,76.42290445417166,-0.4560825079679489,7.804624423384666,LOS,
3,47.0,2,-3154938.2356793396,37,36,37,37,7,0.07400000000052387,17903.254287309945,1.935990738274539E-4,2.1951664E-11,0.0,294.1105580031872,-1.7087276987731457,90.0138042755425,NLOS,
4,64.0,2,-3214899.548124347,48,47,48,48,42,0.15799999999944703,18546.280644718558,-6.773074821804158E-6,1.9133729E-13,0.0,351.270894844085,-0.4559008739888668,-18.732709020376205,LOS,
8,44.0,2,-3208299.9574672654,41,41,42,49,38,0.14199999999982538,17882.16185183823,1.7158889933566625E-5,4.6850583E-12,0.0,312.96473402529955,-0.43473711609840393,556.299172680825,NLOS,
9,8.0,2,-3236477.5528274067,46,45,46,47,42,0.09200000000055297,17615.534636046737,-7.840046561993915E-5,-1.1732465E-11,0.0,579.4623361118138,-0.520931288599968,85.92044654116035,LOS,
73,26.0,0,-3177719.235105261,33,32,33,37,14,0.25200000000040745,18548.026044603437,1.1720245129254169E-4,1.8189894E-12,0.0,353.02272898703814,-1.18264015391469,-32.118022441864014,NLOS,
74,48.0,0,-3201918.4589451887,40,39,40,46,10,-0.17199999999866122,18452.041511248797,3.6716623071697425E-5,1.8189894E-12,0.0,257.03819562867284,-0.707954216748476,38.061540991067886,LOS,
75,32.0,0,-3354047.006272584,26,25,26,29,7,0.2360000000007858,17641.408962771297,-4.7077013823582087E-4,-9.094947E-13,0.0,553.5951708257198,-2.658562783151865,25.90529354661703,LOS,
76,27.0,0,-3215300.5074869394,20,19,21,30,0,0.5370000000002619,18252.335192348808,0.0,0.0,0.0,57.33133141323924,-56.825963113456964,2412.743402618915,NLOS,
23,39.0,2,-3238984.864026811,36,35,35,50,26,0.11300000000119326,17789.80852559209,-8.684647572125716E-5,5.4531553E-13,0.0,405.13775266706944,-0.2535376511514187,61.181517377495766,LOS,
31,40.0,0,-3115751.9549259953,31,26,32,41,0,0.07200000000011642,18319.217035621405,3.2391653389276354E-4,-1.5565847E-12,0.0,135.492122258991,10.626115407794714,-28.075275771319866,NLOS,
1,78.0,2,-3233892.31893117,40,40,41,42,19,0.29100000000107684,18118.868059836328,-9.345397317244708E-6,9.3801497E-13,0.0,76.12957355752587,0.2933308966457844,7.871353190392256,LOS,
3,47.0,2,-3173130.9494500645,37,36,37,37,7,0.20100000000093132,17903.46475917101,1.9359909577911852E-4,2.1951664E-11,0.0,293.86570896953344,0.24484903365373611,87.73029500618577,NLOS,
4,64.0,2,-3233094.604696065,48,48,48,48,42,0.2779999999984284,18546.56785847619,-6.7730746304668745E-6,1.9133729E-13,0.0,351.5562503784895,0.2853555344045162,-18.67994087561965,LOS,
8,44.0,2,-3226494.782721296,41,40,42,49,38,0.27000000000043656,17882.44066533819,1.7158894618624837E-5,4.6850583E-12,0.0,312.66863903030753,0.29609499499201775,556.1219703219831,NLOS,
9,9.0,2,-3254672.6377565525,46,45,46,47,42,0.2109999999993306,17615.75583318621,-7.840047735240402E-5,-1.1732465E-11,0.0,579.2290605083108,0.23327560350298882,85.99799744412303,LOS,
73,26.0,0,-3195914.7265800834,33,32,33,37,14,-0.14099999999962165,18549.239982631058,1.1720245311153105E-4,1.8189894E-12,0.0,354.23666701465845,1.2139380276203156,-31.62986323609948,NLOS,
74,48.0,0,-3220116.0566198267,40,39,40,46,10,0.467000000000553,18454.884308520705,3.671662489068678E-5,1.8189894E-12,0.0,259.88099290430546,2.84279727563262,40.65590001270175,LOS,
75,32.0,0,-3372241.5979395993,26,25,26,29,7,-0.48800000000119326,17642.623801101,-4.7077013914531557E-4,-9.094947E-13,0.0,552.3803324922919,1.214838333427906,25.492826968431473,LOS,
76,27.0,0,-3233541.649768546,20,19,21,30,0,0.3889999999992142,18329.93677531928,0.0,0.0,0.0,134.93291438370943,77.60158297047019,2458.8818232901394,NLOS,
23,40.0,2,-3257180.1012489013,36,35,36,50,26,0.22899999999935972,17790.045396041125,-8.684647517594166E-5,5.4531553E-13,0.0,404.7778676263988,0.3598850406706333,61.415042012929916,LOS,
31,40.0,0,-3133959.500428658,27,26,32,41,0,0.363999999997759,18319.58981249854,3.239165323361788E-4,-1.5565847E-12,0.0,137.14409992471337,1.6519776657223701,-15.534100696444511,NLOS,
1,78.0,2,-3252087.296084419,40,40,41,42,19,0.027000000001862645,18118.896279260516,-9.345396379229765E-6,9.3801497E-13,0.0,76.11045944318175,0.019114114344120026,7.844926714897156,LOS,
3,47.0,2,-3191322.9513797723,36,32,37,37,7,-0.05099999999947613,17903.413777340204,1.9359911773078316E-4,2.1951664E-11,0.0,294.5549913085997,-0.689282339066267,84.7349447235465,NLOS,
4,64.0,2,-3251289.577543501,48,48,48,48,42,0.013000000002648449,18546.582294113934,-6.77307443912959E-6,1.9133729E-13,0.0,351.57180094718933,0.015550568699836731,-18.710897013545036,LOS,
8,44.0,2,-3244689.548963528,41,40,41,49,38,0.004000000000814907,17882.44466728717,1.715889930368305E-5,4.6850583E-12,0.0,312.6375069953501,0.031132034957408905,555.8857561610639,NLOS,
9,9.0,2,-3272867.64680754,46,45,46,47,42,-0.04500000000189175,17615.710877366364,-7.840048908486887E-5,-1.1732465E-11,0.0,579.2712289765477,-0.04216846823692322,85.9996701925993,LOS,
73,26.0,0,-3214112.175405707,33,32,33,37,14,0.09800000000177533,18551.20192649588,1.1720245493052041E-4,1.8189894E-12,0.0,356.19861087948084,1.9619438648223877,-29.184353228658438,NLOS,
74,48.0,0,-3238310.967909012,40,39,40,46,10,0.3129999999982829,18452.35260400176,3.671662670967614E-5,1.8189894E-12,0.0,257.34928838536143,-2.531704518944025,40.56387358158827,LOS,
75,32.0,0,-3390436.210132763,26,25,26,29,7,0.8800000000010186,17642.741952914745,-4.707701400548102E-4,-9.094947E-13,0.0,552.2621806822717,0.11815181002020836,25.100886534899473,LOS,
76,27.0,0,-3251722.345203329,20,19,20,30,0,0.09400000000096043,18269.805058855563,0.0,0.0,0.0,74.80119791999459,-60.13171646371484,2444.5733971372247,NLOS,
23,40.0,2,-3275375.2413586453,37,36,36,50,26,-0.026999999998224666,17790.018785770983,-8.684647463062614E-5,5.4531553E-13,0.0,404.8146981410682,-0.036830514669418335,61.55145430192351,LOS,
31,40.0,0,-3152142.693536073,26,25,31,41,0,0.1290000000008149,18319.719128094614,3.239165307795941E-4,-1.5565847E-12,0.0,112.91731365025043,-24.22678627446294,-27.345320872962475,NLOS,
1,78.0,2,-3270282.4521541297,40,39,40,42,19,0.3069999999970605,18119.19341318682,-9.345395441214768E-6,9.3801497E-13,0.0,75.81927179545164,0.2911876477301121,7.997416697442532,LOS,
3,47.0,2,-3209514.968057651,31,30,37,37,7,0.20100000000093132,17903.60604639724,1.9359913968244912E-4,2.1951664E-11,0.0,294.5176982656121,0.03729304298758507,81.75434260815382,NLOS,
4,64.0,2,-3269484.728840951,48,48,48,48,42,0.28700000000026193,18546.85872842744,-6.773074247792294E-6,1.9133729E-13,0.0,351.8495360277593,0.27773508056998253,-18.563403140753508,LOS,
8,44.0,2,-3262884.5240163915,41,41,41,49,38,0.2809999999990396,17882.71537106484,1.715890398874155E-5,4.6850583E-12,0.0,312.3385581560433,0.29894883930683136,555.8583526350558,NLOS,
9,9.0,2,-3291062.824018877,46,45,46,47,42,0.2180000000007567,17615.920522637665,-7.840050081733444E-5,-1.1732465E-11,0.0,579.069388255477,0.20184072107076645,86.1695032902062,LOS,
73,26.0,0,-3232307.6720052026,26,26,33,37,14,0.565999999998894,18549.254317637533,1.1720245674950988E-4,1.8189894E-12,0.0,354.2510020211339,-1.947608858346939,-28.69106934964657,NLOS,
74,48.0,0,-3256508.820932362,40,39,40,46,10,0.3470000000015716,18455.44901875779,3.671662852866561E-5,1.8189894E-12,0.0,260.4457031413913,3.0964147560298443,43.41358131542802,LOS,
75,32.0,0,-3408631.177402392,26,25,26,29,7,0.09800000000177533,17643.194650840014,-4.70770140964305E-4,-9.094947E-13,0.0,551.8094827570021,0.45269792526960373,25.064022567123175,LOS,
76,27.0,0,-3269925.294137627,20,19,20,30,0,-1.1569999999992433,18292.21567364037,0.0,0.0,0.0,97.21181270480156,22.410614784806967,2452.5184704996645,NLOS,
23,40.0,2,-3293570.492109146,37,36,37,50,26,0.260999999998603,17790.271075442433,-8.684647408531059E-5,5.4531553E-13,0.0,404.6437987871468,0.17089935392141342,61.79850734770298,LOS,
31,40.0,0,-3170353.7429024465,25,25,27,41,0,0.4000000000014552,18320.11010184139,3.239165292230092E-4,-1.5565847E-12,0.0,140.89918407425284,27.98187042400241,-11.300282087177038,NLOS,
1,78.0,2,-3288477.706599038,40,39,40,42,19,0.2110000000029686,18119.41429568082,-9.345394503199826E-6,9.3801497E-13,0.0,75.90840201824903,-0.0891302227973938,7.948489423841238,LOS,
3,47.0,2,-3227706.4230035134,30,29,36,37,7,0.12899999999717693,17903.744780026376,1.9359916163411373E-4,2.1951664E-11,0.0,295.3566378541291,-0.8389395885169506,77.91221602261066,NLOS,
4,64.0,2,-3287679.994800929,49,48,48,49,42,0.2029999999977008,18547.071692205966,-6.77307405645501E-6,1.9133729E-13,0.0,351.76363644748926,-0.08589958027005196,-18.601039193570614,LOS,
8,44.0,2,-3281079.6273306645,42,41,41,49,38,0.19499999999970896,17882.921000968665,1.7158908673799762E-5,4.6850583E-12,0.0,312.41989897564054,-0.08134081959724426,555.6594180576503,NLOS,
9,9.0,2,-3309258.1149848923,46,45,46,47,42,0.14099999999962165,17616.069612585008,-7.840051256417654E-5,-1.1732962E-11,0.0,579.2197234369814,-0.150335181504488,86.15329429507256,LOS,
73,26.0,0,-3250502.535348695,27,26,33,37,14,-0.07200000000011642,18548.625637814403,1.1720245856849923E-4,1.8189894E-12,0.0,353.3225297369063,-0.9284722842276096,-29.130833934992552,NLOS,
74,48.0,0,-3274704.172542814,40,39,40,46,10,0.12700000000040745,18453.102238532156,3.6716630347654965E-5,1.8189894E-12,0.0,257.79913045838475,-2.646572683006525,43.46208369359374,LOS,
75,32.0,0,-3426823.037460815,26,25,26,29,7,-0.13300000000162981,17640.185158729553,-4.707701418737996E-4,-9.094947E-13,0.0,555.1187673211098,-3.3092845641076565,21.620154939591885,LOS,
76,27.0,0,-3288124.926923655,21,20,20,30,0,0.17799999999988358,18289.056599151343,0.0,0.0,0.0,93.75294575840235,-3.458866946399212,2456.847603134811,NLOS,
23,40.0,2,-3311765.803924594,38,37,37,50,26,0.1569999999992433,17790.435561336577,-8.684647353999507E-5,5.4531553E-13,0.0,404.8222162052989,-0.1784174181520939,61.80683288350701,LOS,
31,40.0,0,-3188558.1033497564,25,7,26,41,0,-0.10200000000259024,18320.01636327803,3.239165276664245E-4,-1.5565847E-12,0.0,134.03606344014406,-6.863120634108782,-2.243954822421074,NLOS,
1,78.0,2,-3306672.928455457,40,39,40,42,19,0.08699999999953434,18119.491389956325,-9.345393565184827E-6,9.3801497E-13,0.0,75.82870624214411,0.07969577610492706,7.866973657160997,LOS,
3,47.0,2,-3245897.3286657147,29,28,31,37,7,0.012000000002444722,17903.74652924016,1.935991835857797E-4,2.1951664E-11,0.0,295.8833680227399,-0.5267301686108112,73.52080577239394,NLOS,
4,64.0,2,-3305875.2218957357,49,48,49,49,42,0.0750000000007276,18547.13692018017,-6.7730738651177155E-6,1.9133729E-13,0.0,351.82403304055333,0.06039659306406975,-18.67754041776061,LOS,
8,44.0,2,-3299274.7160075493,42,41,42,49,38,0.059000000001105946,17882.96921340376,1.7158913358858256E-5,4.6850583E-12,0.0,312.34437061846256,0.0755283571779728,555.4458460956812,NLOS,
9,9.0,2,-3327453.363628488,46,45,46,47,42,0.0,17616.06144861132,-7.840052429713852E-5,-1.1732962E-11,0.0,579.2301131226122,-0.01038968563079834,86.09476704522967,LOS,
73,26.0,0,-3268692.006911047,27,26,27,37,14,1.025999999998021,18543.238478388637,1.172024603874887E-4,1.8189894E-12,0.0,347.9353703148663,-5.387159422039986,-34.96237965673208,NLOS,
74,48.0,0,-3292902.989571225,40,39,40,46,10,-0.2639999999992142,18456.722304321826,3.6716632166644436E-5,1.8189894E-12,0.0,261.4191962480545,3.620065789669752,46.97600403055549,LOS,
75,32.0,0,-3445021.902171053,26,25,26,29,7,0.29100000000107684,17647.287492141128,-4.707701427832944E-4,-9.094947E-13,0.0,548.0164339132607,7.102333407849073,25.180939123034477,LOS,
76,27.0,0,-3306312.3515785113,28,20,21,30,0,1.3630000000011933,18277.0055222176,0.0,0.0,0.0,81.70186882093549,-12.05107693746686,2448.968604594469,NLOS,
23,40.0,2,-3329961.0933627076,39,38,38,50,26,0.03499999999985448,17790.46248287335,-8.684647299467952E-5,5.4531553E-13,0.0,404.7843311317265,0.03788507357239723,61.792781084775925,LOS,
31,40.0,0,-3206752.172829751,19,18,25,41,0,-0.260999999998603,18319.74566322565,3.2391652610983966E-4,-1.5565847E-12,0.0,123.8706970103085,-10.165366429835558,-3.4785948768258095,NLOS,
1,78.0,2,-3324868.1013160385,40,39,40,42,19,0.08099999999831198,18119.581638347358,-9.345392627169886E-6,9.3801497E-13,0.0,75.76540211960673,0.0633041225373745,7.73646205291152,LOS,
3,47.0,2,-3264088.562730957,28,27,30,37,7,-0.021000000000640284,17903.735171444714,1.935992055374443E-4,2.1951664E-11,0.0,295.5323718711734,0.35099615156650543,69.45779856294394,NLOS,
4,64.0,2,-3324070.4313641824,48,48,49,49,42,0.06999999999970896,18547.21589975059,-6.773073673780431E-6,1.9133729E-13,0.0,351.9056141227484,0.08158108219504356,-18.771668005734682,LOS,
8,44.0,2,-3317469.807042025,42,41,42,49,38,0.06000000000130967,17883.03930375725,1.7158918043916465E-5,4.6850583E-12,0.0,312.25179574266076,0.09257487580180168,555.2346317209303,NLOS,
9,9.0,2,-3345648.587310929,46,45,46,47,42,0.010000000002037268,17616.080676563084,-7.840053603009979E-5,-1.1732962E-11,0.0,579.2212912514806,0.008821871131658554,86.01127863675356,LOS,
73,26.0,0,-3286878.736051645,26,14,27,37,14,0.4430000000029395,18540.500637717545,1.1720246220647805E-4,1.8189894E-12,0.0,345.19752964377403,-2.737840671092272,-43.53634713217616,NLOS,
74,48.0,0,-3311099.5330240726,40,39,40,46,10,0.44800000000032014,18454.603328935802,3.671663398563379E-5,1.8189894E-12,0.0,259.3002208583057,-2.1189753897488117,48.21634880080819,LOS,
75,32.0,0,-3463211.901575733,25,25,26,29,7,-0.22000000000116415,17638.51996503398,-4.70770143692789E-4,-9.094947E-13,0.0,556.7839610204101,-8.767527107149363,19.876417748630047,LOS,
76,27.0,0,-3324507.3896239735,27,26,28,30,0,-0.47800000000279397,18284.7759257257,0.0,0.0,0.0,89.47227233275771,7.770403511822224,2448.702996663749,NLOS,
23,40.0,2,-3348156.337449029,39,39,39,50,26,0.023000000001047738,17790.494168438017,-8.6846472449364E-5,5.4531553E-13,0.0,404.76936960592866,0.014961525797843933,61.73337749391794,LOS,
31,40.0,0,-3224942.8625714034,18,17,25,41,0,1.6830000000009022,18321.438838418573,3.2391652455325494E-4,-1.5565847E-12,0.0,120.6165390945971,-3.254157915711403,-8.09297326952219,NLOS,
1,78.0,2,-3343063.235054493,40,39,40,42,19,0.1069999999999709,18119.678784493357,-9.345391689154889E-6,9.3801497E-13,0.0,75.6922270283103,0.0731750912964344,7.566828325390816,LOS,
3,47.0,2,-3282281.543541193,28,27,29,37,7,0.023000000001047738,17903.749198120087,1.9359922748911023E-4,2.1951664E-11,0.0,293.7630650959909,1.7693067751824856,67.14153635129333,NLOS,
4,64.0,2,-3342265.6248396486,48,48,49,49,42,0.09000000000014552,18547.2971015051,-6.773073482443135E-6,1.9133729E-13,0.0,351.9888599254191,0.08324580267071724,-18.881788574159145,LOS,
8,44.0,2,-3335664.9230217263,42,41,42,49,38,0.08599999999933061,17883.116348177195,1.715892272897496E-5,4.6850583E-12,0.0,312.13665767386556,0.11513806879520416,555.0483625717461,NLOS,
9,9.0,2,-3363843.7782415487,46,45,46,47,42,0.016999999999825377,17616.087776314467,-7.840054776306178E-5,-1.1732962E-11,0.0,579.2203236445785,9.676069021224976E-4,85.89503841102123,LOS,
73,26.0,0,-3305073.2843556777,15,14,27,37,14,-1.4240000000027067,18548.324427697808,1.1720246402546753E-4,1.8189894E-12,0.0,353.02131962031126,7.823789976537228,-44.29115117713809,NLOS,
74,48.0,0,-3329296.000341121,39,39,40,46,10,0.48399999999674037,18454.681808434427,3.671663580462326E-5,1.8189894E-12,0.0,259.3787003606558,0.07847950235009193,49.38055777549744,LOS,
75,32.0,0,-3481403.8496814594,25,24,26,29,7,0.9619999999995343,17640.566407110542,-4.707701446022838E-4,-9.094947E-13,0.0,554.7375189438462,2.046442076563835,16.52059742063284,LOS,
76,27.0,0,-3342701.7137285993,27,27,28,30,0,0.17400000000270666,18284.21897834912,0.0,0.0,0.0,88.91532495617867,-0.5569473765790462,2447.72344789654,NLOS,
23,40.0,2,-3366351.565926019,40,39,39,50,26,0.06899999999950523,17790.554805543274,-8.684647190404846E-5,5.4531553E-13,0.0,404.7247132509947,0.04465635493397713,61.658364571630955,LOS,
31,40.0,0,-3243131.672614116,17,16,19,41,0,0.15799999999944703,18321.587550330907,3.239165229966701E-4,-1.5565847E-12,0.0,118.86243056505919,-1.7541085295379162,-14.58705060184002,NLOS,
1,78.0,2,-3361258.521412175,40,39,40,42,19,0.2680000000000291,18119.956910014153,-9.345390751139949E-6,9.3801497E-13,0.0,75.42729490995407,0.2649321183562279,7.549813821911812,LOS,
3,47.0,2,-3300476.245914791,29,28,28,37,7,0.1889999999984866,17903.94787669927,1.9359924944077484E-4,2.1951664E-11,0.0,292.01890022680163,1.7441648691892624,66.54683749750257,NLOS,
4,64.0,2,-3360460.9860372096,48,48,48,49,42,0.26199999999880674,18547.56883923337,-6.773073291105851E-6,1.9133729E-13,0.0,352.25576628372073,0.26690635830163956,-18.82418704405427,LOS,
8,44.0,2,-3353860.2165912315,42,41,42,49,38,0.24199999999837019,17883.367830097675,1.7158927414033174E-5,4.6850583E-12,0.0,311.8688233792782,0.26783429458737373,555.0396832302213,NLOS,
9,9.0,2,-3382039.1443161964,46,46,46,47,42,0.19800000000032014,17616.29541661963,-7.840055949602305E-5,-1.1732962E-11,0.0,579.0113825760782,0.20894106850028038,85.9539422094822,LOS,
73,26.0,0,-3323273.1366011687,23,16,26,37,14,-0.43399999999746797,18553.63295489177,1.1720246584445689E-4,1.8189894E-12,0.0,358.3298468180001,5.308527197688818,-39.74201375991106,NLOS,
74,48.0,0,-3347483.0684458874,32,32,40,46,10,-0.05099999999947613,18445.43716360256,3.671663762361261E-5,1.8189894E-12,0.0,250.13405552878976,-9.244644831866026,41.1455544680357,LOS,
75,32.0,0,-3499596.712668266,25,24,25,29,7,-0.32400000000052387,17641.579126261175,-4.707701455117785E-4,-9.094947E-13,0.0,553.7247997932136,1.0127191506326199,14.079658173024654,LOS,
76,27.0,0,-3360892.9822265133,28,27,27,30,0,0.2809999999990396,18281.320323783904,0.0,0.0,0.0,86.01667038723826,-2.898654568940401,2443.68829241395,NLOS,
23,40.0,2,-3384546.940845169,41,40,40,50,26,0.19900000000052387,17790.762679368258,-8.684647135873294E-5,5.4531553E-13,0.0,404.5179543532431,0.20675889775156975,61.729793809354305,LOS,
31,40.0,0,-3261333.1336628348,28,17,18,41,0,-0.7439999999987776,18320.854101050645,3.2391652144008533E-4,-1.5565847E-12,0.0,131.6390064097941,12.776575844734907,-8.430121928453445,NLOS,
1,78.0,2,-3379453.8711293265,40,39,40,42,19,0.16900000000168802,18120.125337190926,-9.345389813125007E-6,9.3801497E-13,0.0,75.25162065774202,0.17567425221204758,7.596158791333437,LOS,
3,47.0,2,-3318671.5943697244,34,33,29,37,7,0.04499999999825377,17903.991810720414,1.9359927139243945E-4,2.1951664E-11,0.0,291.3502307832241,0.668669443577528,66.59821997955441,NLOS,
4,64.0,2,-3378656.3931213617,48,47,48,49,42,0.14400000000023283,18547.712433166802,-6.7730730997685676E-6,1.9133729E-13,0.0,352.4008467979729,0.14508051425218582,-18.720698922872543,LOS,
8,44.0,2,-3372055.5554748885,42,41,42,49,38,0.14900000000125146,17883.516762651503,1.715893209909138E-5,4.6850583E-12,0.0,311.733270034194,0.13555334508419037,555.0763180367649,NLOS,
9,9.0,2,-3400234.560887579,46,46,46,47,42,0.0779999999977008,17616.37392188981,-7.840057122898432E-5,-1.1732962E-11,0.0,578.9271168038249,0.08426577225327492,86.06334274634719,LOS,
73,26.0,0,-3341479.5924252793,24,23,23,37,14,1.0059999999975844,18560.2411429286,1.1720246766344624E-4,1.8189894E-12,0.0,364.9380348548293,6.608188036829233,-28.589297723025084,NLOS,
74,48.0,0,-3365675.305380512,33,32,39,46,10,-0.01299999999901047,18450.760560117662,3.671663944260197E-5,1.8189894E-12,0.0,255.45745204389095,5.323396515101194,38.07938101887703,LOS,
75,32.0,0,-3517793.2875341885,25,24,25,29,7,0.625,17645.38883994147,-4.7077014642127313E-4,-9.094947E-13,0.0,549.9150861091912,3.8097136840224266,15.35059804469347,LOS,
76,27.0,0,-3379088.8490461446,28,27,28,30,0,0.14199999999982538,18286.075572755188,0.0,0.0,0.0,90.77191936224699,4.755248975008726,2444.2514586523175,NLOS,
23,40.0,2,-3402742.3651528023,42,41,41,50,26,0.125,17790.88741346076,-8.684647081341743E-5,5.4531553E-13,0.0,404.4082718938589,0.10968245938420296,61.85061153024435,LOS,
31,40.0,0,-3279554.4168258123,25,24,28,41,0,0.3499999999985448,18321.202736835927,3.2391651988350066E-4,-1.5565847E-12,0.0,151.5866927653551,19.947686355561018,17.54892100021243,NLOS,
1,78.0,2,-3397649.255667731,40,39,40,42,19,0.1389999999992142,18120.254821933806,-9.345388875110008E-6,9.3801497E-13,0.0,75.40427524968982,-0.15265459194779396,7.3775325529277325,LOS,
3,47.0,2,-3336867.445977688,35,34,34,37,7,0.059000000001105946,17904.040903374553,1.9359929334410538E-4,2.1951664E-11,0.0,291.12429574504495,0.22593503817915916,66.85296303778887,NLOS,
4,64.0,2,-3396851.824679237,48,47,48,49,42,0.1290000000008149,18547.83258014545,-6.773072908431272E-6,1.9133729E-13,0.0,352.22473192214966,-0.17611487582325935,-18.892529539763927,LOS,
8,44.0,2,-3390250.8899449483,42,41,42,49,38,0.11899999999877764,17883.625067286193,1.7158936784149873E-5,4.6850583E-12,0.0,311.94724240526557,-0.21397237107157707,554.808746792376,NLOS,
9,9.0,2,-3418430.0065142326,47,46,46,47,42,0.07600000000093132,17616.439505074173,-7.840058296194629E-5,-1.1732962E-11,0.0,579.1641134209931,-0.2369966171681881,85.90200609341264,LOS,
73,26.0,0,-3359678.7143316753,25,24,24,37,14,-0.6009999999987485,18552.91185862571,1.1720246948243571E-4,1.8189894E-12,0.0,357.30895809456706,-7.629076760262251,-25.070291858166456,NLOS,
74,48.0,0,-3383867.579223428,32,31,33,46,10,0.5269999999982247,18450.952034514397,3.671664126159144E-5,1.8189894E-12,0.0,255.34913397952914,-0.10831806436181068,34.75032339990139,LOS,
75,32.0,0,-3535988.9304669276,25,24,25,29,7,-0.9059999999990396,17644.55473735556,-4.707701473307679E-4,-9.094947E-13,0.0,551.0489811562002,-1.1338950470089912,15.389812272042036,LOS,
76,27.0,0,-3397283.904370833,29,28,28,30,0,-0.15799999999944703,18285.420980341733,0.0,0.0,0.0,89.81753449141979,-0.954384870827198,2443.7033374905586,NLOS,
23,40.0,2,-3420937.8129982427,43,42,42,50,26,0.0930000000007567,17790.97270873934,-8.684647026810189E-5,5.4531553E-13,0.0,404.62425566092134,-0.2159837670624256,61.69517460092902,LOS,
31,40.0,0,-3297775.508388508,25,24,28,41,0,-0.05700000000069849,18321.13671110943,3.239165183269158E-4,-1.5565847E-12,0.0,151.22087452560663,-0.36581823974847794,43.03657119348645,NLOS,
1,78.0,2,-3415844.607220985,40,39,40,42,19,0.05099999999947613,18120.316515874118,-9.345387937095069E-6,9.3801497E-13,0.0,75.02513572573662,0.3791395239531994,7.425713621079922,LOS,
3,47.0,2,-3355063.4769399688,36,35,35,37,7,-0.04299999999784632,17904.007806252688,1.9359931529577E-4,2.1951664E-11,0.0,290.622534815222,0.5017609298229218,67.58685286715627,NLOS,
4,64.0,2,-3415047.1999469995,48,47,48,49,42,0.027000000001862645,18547.869864661247,-6.773072717093988E-6,1.9133729E-13,0.0,352.56738356500864,0.3426516428589821,-18.82085780799389,LOS,
8,44.0,2,-3408446.1415226646,42,41,42,49,38,0.021000000000640284,17883.657731998712,1.7158941469208082E-5,4.6850583E-12,0.0,311.64005710557103,0.3071852996945381,554.758075658232,NLOS,
9,9.0,2,-3436625.39129607,46,46,47,47,42,-0.03900000000066939,17616.409319330007,-7.840059469490756E-5,-1.1732962E-11,0.0,578.8913477174938,0.27276570349931717,85.97961708530784,LOS,
73,26.0,0,-3377866.295412332,25,24,25,37,14,0.02899999999863212,18541.37562548369,1.1720247130142506E-4,1.8189894E-12,0.0,346.0725174061954,-11.236440688371658,-32.792319279164076,NLOS,
74,48.0,0,-3402028.6235431843,31,26,33,46,10,-0.1929999999993015,18419.877029519528,3.671664308058079E-5,1.8189894E-12,0.0,224.57392144575715,-30.77521253377199,0.49153508245944977,LOS,
75,32.0,0,-3554187.538875524,25,24,25,29,7,-0.25,17647.618140716106,-4.7077014824026253E-4,-9.094947E-13,0.0,547.6857853382826,3.3631958179175854,18.694294814020395,LOS,
76,27.0,0,-3415476.2535878755,29,28,29,30,0,0.27400000000125146,18282.87173397839,0.0,0.0,0.0,87.56808058172464,-2.2494539096951485,2440.7489011362195,NLOS,
23,40.0,2,-3439133.1948079616,44,43,43,50,26,-0.01900000000023283,17790.9617918171,-8.684646972278637E-5,5.4531553E-13,0.0,404.33017709106207,0.2940785698592663,61.7734944075346,LOS,
31,40.0,0,-3315993.744270209,26,25,25,41,0,0.11600000000180444,18321.26081477478,3.2391651677033106E-4,-1.5565847E-12,0.0,148.7905398234725,-2.4303347021341324,65.96833284571767,NLOS,
1,78.0,2,-3434040.1631557047,40,39,40,42,19,0.2849999999998545,18120.591974183917,-9.345386999080071E-6,9.3801497E-13,0.0,75.00821726769209,0.01691845804452896,7.378483697772026,LOS,
3,47.0,2,-3373259.772715416,36,35,36,37,7,0.1989999999968859,17904.196901991963,1.9359933724743592E-4,2.1951664E-11,0.0,290.63493136689067,-0.012396551668643951,68.28576340526342,NLOS,
4,64.0,2,-3433242.7602831684,48,47,48,49,42,0.282999999999447,18548.142035324126,-6.773072525756692E-6,1.9133729E-13,0.0,352.5518402196467,-0.015543345361948013,-18.863910131156445,LOS,
8,44.0,2,-3426641.5459089987,42,41,42,49,38,0.2760000000016589,17883.922170832753,1.7158946154266575E-5,4.6850583E-12,0.0,311.69678032025695,-0.0567232146859169,554.5604206845164,NLOS,
9,9.0,2,-3454820.9643110856,46,45,47,47,42,0.22100000000136788,17616.62090067193,-7.840060642786953E-5,-1.1732962E-11,0.0,578.9691527597606,-0.0778050422668457,85.94566879421473,LOS,
73,26.0,0,-3396057.631416451,25,24,25,37,14,1.1930000000029395,18545.135187111795,1.1720247312041453E-4,1.8189894E-12,0.0,349.532286580652,3.4597691744565964,-37.05921569094062,NLOS,
74,48.0,0,-3420217.1235963143,28,27,32,46,10,0.566000000002532,18447.48729626462,3.671664489957026E-5,1.8189894E-12,0.0,251.8843957297504,27.310474283993244,-6.611312322318554,LOS,
75,32.0,0,-3572385.339150835,25,24,25,29,7,0.9750000000021828,17646.907897319645,-4.707701491497573E-4,-9.094947E-13,0.0,548.6958211921155,-1.0100358538329601,20.890851613134146,LOS,
76,27.0,0,-3433673.8376871273,29,28,29,30,0,0.5719999999964784,18288.26345835626,0.0,0.0,0.0,92.66001250594854,5.0919319242239,2442.7295545376837,NLOS,
23,40.0,2,-3457328.768228866,44,43,44,50,26,0.25200000000040745,17791.204757530242,-8.684646917747082E-5,5.4531553E-13,0.0,404.37808434665203,-0.047907255589962006,61.743632938712835,LOS,
31,40.0,0,-3334192.6778380163,27,26,26,41,0,0.23999999999796273,18321.492833025753,3.239165152137462E-4,-1.5565847E-12,0.0,129.31399736180902,-19.476542461663485,69.2979881502688,NLOS,
1,78.0,2,-3452235.914692417,40,39,40,42,19,0.282999999999447,18120.883568879217,-9.34538606106513E-6,9.3801497E-13,0.0,74.70027020201087,0.3079470656812191,7.526855770498514,LOS,
3,47.0,2,-3391456.3302039728,37,36,36,37,7,0.19800000000032014,17904.403563968837,1.935993591991005E-4,2.1951664E-11,0.0,290.35059554874897,0.28433581814169884,69.24638705328107,NLOS,
4,64.0,2,-3451438.5013370663,48,47,48,49,42,0.26599999999962165,18548.417233243585,-6.773072334419409E-6,1.9133729E-13,0.0,352.831683691591,0.2798434719443321,-18.72624472528696,LOS,
8,44.0,2,-3444837.126459915,42,41,42,49,38,0.2559999999975844,17884.18846197799,1.715895083932478E-5,4.6850583E-12,0.0,311.4303033426404,0.26647697761654854,554.5389302968979,NLOS,
9,9.0,2,-3473016.6894807443,46,45,46,47,42,0.19499999999970896,17616.826770644635,-7.84006181608308E-5,-1.1732962E-11,0.0,578.783165819943,0.185986939817667,86.0638751462102,LOS,
73,26.0,0,-3414245.122619245,25,24,25,37,14,-2.2480000000032305,18541.294982776046,1.1720247493940388E-4,1.8189894E-12,0.0,345.69208224117756,-3.8402043394744396,-45.17091343179345,NLOS,
74,48.0,0,-3438408.5498334505,29,28,31,46,10,0.11699999999837019,18450.567965365946,3.671664671855962E-5,1.8189894E-12,0.0,254.96506483480334,3.080669105052948,-10.78797571733594,LOS,
75,32.0,0,-3590584.114189286,25,24,25,29,7,0.3669999999983702,17647.9806477502,-4.7077015005925194E-4,-9.094947E-13,0.0,547.6230707615614,1.0727504305541515,24.062171552330256,LOS,
76,27.0,0,-3451866.2295492887,29,28,29,30,0,0.031000000002677552,18282.92201944068,0.0,0.0,0.0,87.31857358664274,-5.341438919305801,2439.5179708451033,NLOS,
23,40.0,2,-3475524.511103999,45,44,44,50,26,0.21899999999732245,17791.432121381164,-8.68464686321553E-5,5.4531553E-13,0.0,404.1483047939837,0.22977955266833305,61.883225701749325,LOS,
31,40.0,0,-3352385.513060447,28,27,27,41,0,0.2970000000022992,18321.799338210374,3.239165136571615E-4,-1.5565847E-12,0.0,123.34119505807757,-5.9728023037314415,66.52929807454348,NLOS,
1,78.0,2,-3470431.5722960792,40,39,40,42,19,0.01599999999962165,18120.889713887125,-9.345385123050134E-6,9.3801497E-13,0.0,74.98165339231491,-0.2813831903040409,7.281502332538366,LOS,
3,47.0,2,-3409652.590846572,37,36,37,37,7,-0.07899999999790452,17904.317361846566,1.935993811507664E-4,2.1951664E-11,0.0,290.924642637372,-0.5740470886230469,69.61037228628993,NLOS,
4,64.0,2,-3469634.1598155536,48,47,48,49,42,0.00999999999839929,18548.417834240943,-6.773072143082113E-6,1.9133729E-13,0.0,352.5484729334712,-0.28321075811982155,-18.970947183668613,LOS,
8,44.0,2,-3463032.600165397,41,41,42,49,38,-0.005999999997584382,17884.173019357026,1.7158955524383268E-5,4.6850583E-12,0.0,311.7466533854604,-0.3163500428199768,554.110802013427,NLOS,
9,9.0,2,-3491212.313487936,46,45,46,47,42,-0.06400000000212458,17616.752129603177,-7.840062989379276E-5,-1.1732962E-11,0.0,579.1503522396088,-0.36718641966581345,85.78112657740712,LOS,
73,26.0,0,-3432410.4565647393,14,13,25,37,13,1.4980000000032305,18519.142367966473,1.1720247675839335E-4,1.8189894E-12,0.0,323.2396749779582,-22.452407263219357,-75.7396609261632,NLOS,
74,48.0,0,-3456629.431066327,30,29,29,46,10,0.45899999999892316,18480.177461382,3.671664853754908E-5,1.8189894E-12,0.0,284.27476839348674,29.309703558683395,14.190564170479774,LOS,
75,32.0,0,-3608788.6251620986,25,24,25,29,7,0.4140000000006694,17653.814531855285,-4.707701509687467E-4,-9.094947E-13,0.0,542.088979113847,5.5340916477143764,32.66963339596987,LOS,
76,27.0,0,-3470064.0356793813,29,29,29,30,0,0.1820000000006985,18288.8026891537,0.0,0.0,0.0,92.8994508460164,5.580877259373665,2441.4208626300097,NLOS,
23,40.0,2,-3493720.1541114785,46,45,45,50,26,-0.029999999998835847,17791.39383205399,-8.684646808683976E-5,5.4531553E-13,0.0,404.48768734931946,-0.3393825553357601,61.62315835431218,LOS,
31,40.0,2,-3370573.9624388963,28,27,28,41,0,0.05799999999726424,18321.847895059735,3.2391651210057667E-4,-1.5565847E-12,0.0,118.78111172839999,-4.560083329677582,59.074971564114094,NLOS,
1,78.0,2,-3488627.3434409015,40,39,40,42,19,0.19900000000052387,18121.09814554453,-9.345384185035196E-6,9.3801497E-13,0.0,74.45596198365092,0.5256914086639881,7.449482511729002,LOS,
3,47.0,2,-3427848.6531877816,37,36,37,37,7,0.11200000000098953,17904.437706697732,1.93599403102431E-4,2.1951664E-11,0.0,290.8005206659436,0.12412197142839432,70.07584858685732,NLOS,
4,64.0,2,-3487829.916383367,48,47,48,49,42,0.18500000000130967,18548.612238787115,-6.77307195174483E-6,1.9133729E-13,0.0,353.0454572625458,0.4969843290746212,-18.81776786223054,LOS,
8,44.0,2,-3481228.1700282134,41,40,42,49,38,0.18299999999726424,17884.364904671907,1.715896020944147E-5,4.6850583E-12,0.0,311.2603644579649,0.4862889274954796,554.078623522073,NLOS,
9,9.0,2,-3509408.038467381,46,45,46,47,42,0.13000000000101863,17616.892522286624,-7.840064162675401E-5,-1.1732962E-11,0.0,578.7157417796552,0.4346104599535465,85.89914271607995,LOS,
73,26.0,0,-3450605.866902739,15,15,25,37,13,-0.19499999999970896,18549.22137594968,1.172024785773827E-4,1.8189894E-12,0.0,353.61847541853786,30.378800440579653,-75.93222345784307,NLOS,
74,48.0,0,-3474813.074790828,32,31,30,46,10,-0.11099999999714782,18443.093614961952,3.671665035653843E-5,1.8189894E-12,0.0,247.49071442708373,-36.78405396640301,2.231388136744499,LOS,
75,32.0,0,-3626982.396700058,24,24,25,29,7,0.342000000000553,17643.17446345091,-4.707701518782414E-4,-9.094947E-13,0.0,552.4292550608516,-10.340275947004557,30.837452843785286,LOS,
76,27.0,0,-3488261.233705107,29,29,29,30,0,0.6399999999994179,18288.351595353335,0.0,0.0,0.0,92.74814949929714,-0.15130134671926498,2443.0154425017536,NLOS,
23,40.0,2,-3511915.8870464154,46,45,46,50,26,0.147000000000844,17791.548919163644,-8.684646754152426E-5,5.4531553E-13,0.0,404.0376391708851,0.45004817843437195,61.752810921519995,LOS,
31,40.0,2,-3388763.143243488,28,27,28,41,0,0.21900000000096043,18322.07696000114,3.2391651054399195E-4,-1.5565847E-12,0.0,119.93786270916462,1.1567509807646275,52.651863649487495,NLOS,
1,78.0,2,-3506823.0509184226,40,40,40,42,19,0.03499999999985448,18121.133644428104,-9.345383247020256E-6,9.3801497E-13,0.0,74.4072696864605,0.04869229719042778,7.553795389831066,LOS,
3,47.0,2,-3446044.3052201904,37,36,37,37,7,-0.05700000000069849,17904.380221910775,1.9359942505409557E-4,2.1951664E-11,0.0,291.1882121376693,-0.3876914717257023,70.13101608678699,NLOS,
4,64.0,2,-3506025.6069101803,48,47,48,49,42,0.024000000001251465,18548.637505561113,-6.773071760407546E-6,1.9133729E-13,0.0,353.0785285793245,0.03307131677865982,-18.730629537254572,LOS,
8,44.0,2,-3499423.6871150434,41,40,41,49,38,0.010000000002037268,17884.3757038489,1.7158964894499672E-5,4.6850583E-12,0.0,311.2228068225086,0.037557635456323624,553.9936690442264,NLOS,
9,9.0,2,-3527603.6819278486,46,45,46,47,42,-0.04100000000107684,17616.85113864392,-7.840065335971527E-5,-1.1732962E-11,0.0,578.7634433954954,-0.04770161584019661,85.9356398768723,LOS,
73,26.0,0,-3468801.3504392616,16,4,15,37,4,-0.10300000000279397,18549.301271036267,1.1720248039637205E-4,1.8189894E-12,0.0,353.69837050139904,0.07989508286118507,-76.05158746987581,NLOS,
74,48.0,0,-3492997.4005704857,33,32,32,46,10,0.29099999999743886,18443.930892501026,3.671665217552779E-5,1.8189894E-12,0.0,248.32799196988344,0.8372775427997112,-9.045732736587524,LOS,
75,32.0,0,-3645178.7846403606,24,23,25,29,7,-0.9439999999995052,17645.887732934207,-4.7077015278773604E-4,-9.094947E-13,0.0,549.7159855775535,2.7132694832980633,31.62167463451624,LOS,
76,27.0,0,-3506452.799776405,29,28,29,30,0,0.39699999999720603,18282.876626629382,0.0,0.0,0.0,87.27318077906966,-5.47496872022748,2438.9780679494143,NLOS,
23,40.0,2,-3530111.546571769,46,45,46,50,26,-0.013999999999214197,17791.536000594497,-8.684646699620873E-5,5.4531553E-13,0.0,404.05074356123805,-0.013104390352964401,61.80905390530825,LOS,
31,40.0,2,-3406948.478588186,27,27,28,41,0,0.030999999999039574,18322.10804395005,3.2391650898740723E-4,-1.5565847E-12,0.0,116.21793753281236,-3.7199251763522625,42.383295845240355,NLOS,
1,78.0,2,-3525019.172557961,41,40,40,42,19,0.5280000000020664,18121.65310657397,-9.345382309005259E-6,9.3801497E-13,0.0,74.18053874000907,0.22673094645142555,7.772477827966213,LOS,
3,47.0,2,-3464240.0322488733,37,36,37,37,7,0.4470000000001164,17904.818991996348,1.935994470057615E-4,2.1951664E-11,0.0,291.3904047124088,-0.20219257473945618,69.96138740330935,NLOS,
4,64.0,2,-3524221.693063222,48,47,48,49,42,0.5119999999988067,18549.13820040226,-6.7730715690702505E-6,1.9133729E-13,0.0,353.2734846509993,0.19495607167482376,-18.547657445073128,LOS,
8,44.0,2,-3517619.637393661,41,40,41,49,38,0.5079999999979918,17884.87395168096,1.7158969579558162E-5,4.6850583E-12,0.0,310.9990795738995,0.223727248609066,554.0421138964593,NLOS,
9,9.0,2,-3545799.7143782414,46,45,46,47,42,0.43800000000192085,17617.278934426606,-7.840066509267724E-5,-1.1732962E-11,0.0,578.6404572837055,0.12298611178994179,86.06133450567722,LOS,
73,26.0,0,-3486997.094685212,14,13,16,37,4,0.1540000000022701,18549.56659211591,1.1720248221536152E-4,1.8189894E-12,0.0,353.66389912739396,-0.03447137400507927,-76.2100345082581,NLOS,
74,48.0,0,-3511205.020064965,34,33,33,46,10,0.3569999999999709,18467.37903776765,3.671665399451725E-5,1.8189894E-12,0.0,271.4763447754085,23.148352805525064,2.671068750321865,LOS,
75,32.0,0,-3663373.7251385376,24,23,24,29,7,0.7799999999988358,17644.53837119788,-4.707701536972308E-4,-9.094947E-13,0.0,551.3651397712529,-1.64915419369936,30.65866184234619,LOS,
76,27.0,0,-3524643.0902448036,29,23,29,30,0,-0.04099999999743886,18281.757984701544,0.0,0.0,0.0,85.8547463901341,-1.418434388935566,2433.365298036486,NLOS,
23,40.0,2,-3548307.606220998,47,46,46,50,26,0.4789999999993597,17792.005511678755,-8.684646645089318E-5,5.4531553E-13,0.0,403.8901302367449,0.16061332449316978,61.96562830358744,LOS,
31,40.0,2,-3425136.813994929,27,26,28,41,0,0.5529999999998836,18322.650341317058,3.2391650743082234E-4,-1.5565847E-12,0.0,119.04374420642853,2.825806673616171,34.814997624605894,NLOS,
1,78.0,2,-3543214.5334622636,41,40,41,42,19,-0.6450000000004366,18121.017384283245,-9.345381370990319E-6,9.3801497E-13,0.0,74.52910456061363,-0.34856582060456276,7.530217491090298,LOS,
3,47.0,2,-3482434.785340123,37,36,37,37,7,-0.7420000000020082,17904.08622592315,1.9359946895742606E-4,2.1951664E-11,0.0,292.0419058203697,-0.6515011079609394,69.11761374771595,NLOS,
4,64.0,2,-3542417.0253808163,48,47,48,49,42,-0.6530000000020664,18548.495138570666,-6.773071377732967E-6,1.9133729E-13,0.0,352.9185084477067,-0.35497620329260826,-18.81872834265232,LOS,
8,44.0,2,-3535814.876051221,41,41,41,49,38,-0.6699999999982538,17884.21424527839,1.715897426461636E-5,4.6850583E-12,0.0,311.32052827998996,-0.3214487060904503,553.6787301525474,NLOS,
9,9.0,2,-3563994.9999525733,46,45,46,47,42,-0.7150000000001455,17616.575030934066,-7.840067682563848E-5,-1.1732962E-11,0.0,579.0536736436188,-0.41321635991334915,85.73994553461671,LOS,
73,26.0,0,-3505214.2616918012,15,14,16,37,4,-1.6930000000029395,18570.993923071772,1.1720248403435087E-4,1.8189894E-12,0.0,375.3910225369036,21.72712340950966,-54.64592845365405,NLOS,
74,48.0,0,-3529406.6177966073,35,34,34,46,10,-0.31599999999889405,18461.511656947434,3.67166558135066E-5,1.8189894E-12,0.0,265.908756416291,-5.567588359117508,8.665899861603975,LOS,
75,32.0,0,-3681569.5331520475,24,23,24,29,7,-0.9259999999994761,17645.504065178335,-4.7077015460672545E-4,-9.094947E-13,0.0,550.0996533334255,1.2654864378273487,30.86295684054494,LOS,
76,27.0,0,-3542833.8911099397,23,22,29,30,0,-0.8729999999995925,18282.425300747156,0.0,0.0,0.0,86.82185489684343,0.9671085067093372,2428.56271732226,NLOS,
23,40.0,2,-3566502.9035316445,47,46,47,50,26,-0.7000000000007276,17791.31465601176,-8.684646590557767E-5,5.4531553E-13,0.0,404.29234283044934,-0.40221259370446205,61.65965658053756,LOS,
31,40.0,0,-3443251.391381014,27,22,27,41,0,-0.5759999999972933,18322.084283124655,3.239165058742377E-4,-1.5565847E-12,0.0,45.71103200316429,-73.33271220326424,-46.21152879297733,NLOS,
1,78.0,2,-3561409.388402637,42,41,41,42,19,-0.3650000000016007,18120.641633220017,-9.345380432975322E-6,9.3801497E-13,0.0,74.62290209904313,-0.09379753842949867,7.081785678863525,LOS,
3,47.0,2,-3500629.1887049526,36,31,37,37,7,-0.4529999999977008,17903.62253120914,1.93599490909092E-4,2.1951664E-11,0.0,292.069228425622,-0.02732260525226593,68.22390612587333,NLOS,
4,64.0,2,-3560611.853524022,48,47,48,49,42,-0.38299999999799184,18548.103442899883,-6.773071186395672E-6,1.9133729E-13,0.0,352.813226044178,-0.10528240352869034,-19.294181168079376,LOS,
8,44.0,2,-3554009.6434600726,42,41,41,49,38,-0.38699999999880674,17883.817369908094,1.7158978949674854E-5,4.6850583E-12,0.0,311.40163043141365,-0.0811021514236927,553.1438901536167,NLOS,
9,9.0,2,-3582189.7868889123,46,45,46,47,42,-0.4470000000001164,17616.117441177368,-7.840068855860046E-5,-1.1732962E-11,0.0,579.2187180221081,-0.1650443784892559,85.21971102431417,LOS,
73,26.0,0,-3523398.2983675413,26,15,15,37,4,0.25500000000101863,18537.868209633976,1.1720248585334034E-4,1.8189894E-12,0.0,342.5651015602052,-32.8259209766984,-65.91236078739166,NLOS,
74,48.0,0,-3547617.16488773,35,34,35,46,10,-0.684000000001106,18470.61541493982,3.671665763249607E-5,1.8189894E-12,0.0,275.3123068623245,9.403550446033478,23.90988290682435,LOS,
75,32.0,0,-3699764.2001628913,24,24,24,29,7,0.04499999999825377,17644.461201872677,-4.707701555162202E-4,-9.094947E-13,0.0,550.8427241817117,-0.7430708482861519,30.22604162991047,LOS,
76,27.0,0,-3561019.2262915485,21,21,29,30,0,-1.7640000000028522,18277.11651778221,0.0,0.0,0.0,81.81286438927054,-5.008990507572889,2418.5942455381155,NLOS,
23,40.0,2,-3584697.701096315,47,46,47,50,26,-0.419000000001688,17790.885600231588,-8.684646536026213E-5,5.4531553E-13,0.0,404.4320122078061,-0.13966937735676765,61.15373133867979,LOS,
31,40.0,0,-3461420.2032337263,23,23,27,41,0,-0.7109999999993306,18321.3630136773,3.239165043176528E-4,-1.5565847E-12,0.0,100.37081764265895,54.65978563949466,-72.70379612967372,NLOS,
1,78.0,2,-3579603.7888302878,42,41,42,42,19,-0.34799999999813735,18120.304155442864,-9.34537949496038E-6,9.3801497E-13,0.0,74.36544052883983,0.2574615702033043,6.778426062315702,LOS,
3,47.0,2,-3518823.336810913,32,31,37,37,7,-0.43000000000029104,17903.203357782215,1.9359951286075663E-4,2.1951664E-11,0.0,291.70225106179714,0.36697736382484436,67.67452455312014,NLOS,
4,64.0,2,-3578806.2106414437,48,47,48,49,42,-0.35900000000037835,18547.753574270755,-6.773070995058388E-6,1.9133729E-13,0.0,353.0408294983208,0.22760345414280891,-19.641074862331152,LOS,
8,44.0,2,-3572203.9519771338,42,41,42,49,38,-0.37299999999959255,17883.453901030123,1.7158983634733073E-5,4.6850583E-12,0.0,311.1705316118896,0.23109881952404976,552.749743282795,NLOS,
9,9.0,2,-3600384.113463275,46,45,46,47,42,-0.4239999999990687,17615.702479351312,-7.840070029156175E-5,-1.1732962E-11,0.0,579.0456159561872,0.17310206592082977,84.83869945630431,LOS,
73,26.0,0,-3541605.705588471,25,25,26,37,4,-0.10499999999956344,18561.24333125353,1.172024876723297E-4,1.8189894E-12,0.0,366.5398080945015,23.974706534296274,-53.20866301655769,NLOS,
74,48.0,0,-3565800.8702272177,35,34,35,46,10,-0.014999999999417923,18443.928013574332,3.671665945148543E-5,1.8189894E-12,0.0,249.2244904190302,-26.087816443294287,12.91169923916459,LOS,
75,32.0,0,-3717963.8979837038,25,24,24,29,7,-0.6389999999992142,17649.590248841792,-4.7077015642571485E-4,-9.094947E-13,0.0,545.114092297852,5.728631883859634,35.219521302729845,LOS,
76,27.0,0,-3579211.2488645986,21,20,23,30,0,-0.41999999999825377,18283.960768274963,0.0,0.0,0.0,89.25669979676604,7.443835407495499,2415.91275011003,NLOS,
23,40.0,2,-3602892.038585618,47,46,47,50,26,-0.3949999999967986,17790.50035432726,-8.68464648149466E-5,5.4531553E-13,0.0,404.2321673631668,0.1998448446393013,60.787315644323826,LOS,
31,40.0,0,-3479596.577995196,24,23,27,41,0,0.06599999999889405,18321.440146189183,3.2391650276106807E-4,-1.5565847E-12,0.0,108.65881684422493,8.287999201565981,-91.03356979042292,NLOS,
1,78.0,2,-3597798.739663556,42,41,42,42,19,0.6820000000006985,18120.977167796344,-9.345378556945378E-6,9.3801497E-13,0.0,73.70264828205109,0.6627922467887402,7.025472059845924,LOS,
3,47.0,2,-3537017.8553576134,31,30,36,37,7,0.5979999999981374,17903.79041702673,1.9359953481242267E-4,2.1951664E-11,0.0,291.30919040739536,0.3930606544017792,67.49558371677995,NLOS,
4,64.0,2,-3597001.1325882524,48,47,48,49,42,0.6680000000014843,18548.411718789488,-6.7730708037210915E-6,1.9133729E-13,0.0,353.7047345712781,0.6639050729572773,-19.423139169812202,LOS,
8,44.0,2,-3590398.817746997,42,41,42,49,38,0.657999999999447,17884.10339307785,1.7158988319791584E-5,4.6850583E-12,0.0,310.5228977277875,0.6476338841021061,552.912849213928,NLOS,
9,9.0,2,-3618578.997082982,46,45,46,47,42,0.5999999999985448,17616.293154079467,-7.840071202452378E-5,-1.1732962E-11,0.0,578.454755358398,0.5908605977892876,85.01473323255777,LOS,
73,26.0,0,-3559788.836400643,27,26,26,37,4,1.3139999999984866,18536.971544649452,1.1720248949131918E-4,1.8189894E-12,0.0,342.26802149042487,-24.271786604076624,-64.78137400373816,NLOS,
74,48.0,0,-3583997.2209171094,36,35,35,46,10,1.0740000000005239,18456.72772975266,3.671666127047491E-5,1.8189894E-12,0.0,262.0242065936327,12.799716174602509,14.55886597186327,LOS,
75,32.0,0,-3736162.4629363716,25,24,25,29,7,0.6759999999994761,17648.555580507964,-4.707701573352096E-4,-9.094947E-13,0.0,546.1487606279552,-1.034668330103159,39.08013283461332,LOS,
76,27.0,0,-3597400.1369629875,20,19,21,30,0,1.6159999999981665,18280.983133692294,0.0,0.0,0.0,86.2790652140975,-2.977634582668543,2410.0967800207436,NLOS,
23,40.0,2,-3621086.914338246,47,46,47,50,26,0.6269999999967695,17791.118230625987,-8.684646426963106E-5,5.4531553E-13,0.0,403.63361658900976,0.5985507741570473,60.959163274616,LOS,
31,40.0,0,-3497801.4383577816,25,25,24,41,0,0.45899999999892316,18321.889519937336,3.2391650120448324E-4,-1.5565847E-12,0.0,137.2699335590005,28.611116714775562,-80.87774233520031,NLOS,
1,78.0,2,-3615993.579726018,42,41,42,42,19,0.014999999999417923,18121.00072639063,-9.345377618930436E-6,9.3801497E-13,0.0,73.70101684704423,0.0016314350068569183,7.161747254431248,LOS,
3,47.0,2,-3555211.9257002138,30,29,32,37,7,-0.0639999999984866,17903.735961467028,1.935995567640873E-4,2.1951664E-11,0.0,291.7347338311374,-0.4255434237420559,66.86843878403306,NLOS,
4,64.0,2,-3615195.968168065,48,47,48,49,42,0.0,18548.420840691775,-6.773070612383807E-6,1.9133729E-13,0.0,353.7173870280385,0.012652456760406494,-19.291570473462343,LOS,
8,44.0,2,-3608593.6065772884,42,41,42,49,38,-0.005000000001018634,17884.10666681081,1.7158993004849803E-5,4.6850583E-12,0.0,310.50940381363034,0.013493914157152176,552.9990155696869,NLOS,
9,9.0,2,-3636773.7945561744,46,45,46,47,42,-0.06699999999909778,17616.23700011894,-7.840072375748508E-5,-1.1732962E-11,0.0,578.5070070773363,-0.05225171893835068,85.10462049394846,LOS,
73,26.0,0,-3577992.041334659,28,27,27,37,4,-0.22399999999834108,18557.05024666339,1.1720249131030854E-4,1.8189894E-12,0.0,362.3467235043645,20.07870201393962,-56.27996314689517,NLOS,
74,48.0,0,-3602198.7300575897,36,35,36,46,10,-0.2459999999991851,18462.040497075766,3.671666308946426E-5,1.8189894E-12,0.0,267.3369739167392,5.312767323106527,21.364483293145895,LOS,
75,32.0,0,-3754358.863763131,25,24,25,29,7,0.04899999999906868,17646.48975352198,-4.707701582447043E-4,-9.094947E-13,0.0,548.2145876139402,-2.0658269859850407,40.77661845833063,LOS,
76,27.0,0,-3615617.6702230163,20,19,21,30,0,0.6440000000002328,18309.7850936763,0.0,0.0,0.0,115.081025198102,28.801959984004498,2432.925971571356,NLOS,
23,40.0,2,-3639281.6599815004,46,45,47,50,26,-0.03899999999703141,17791.088041186333,-8.684646372431554E-5,5.4531553E-13,0.0,403.7033862732351,-0.06976968422532082,61.00090153515339,LOS,
31,40.0,0,-3516006.6696490347,26,25,25,41,0,0.2970000000022992,18322.195661384612,3.2391649964789846E-4,-1.5565847E-12,0.0,137.76635640114546,0.4964228421449661,-70.35098621249199,NLOS,
1,78.0,2,-3634188.316511877,42,41,42,42,19,0.013999999999214197,18121.01449920982,-9.345376680915493E-6,9.3801497E-13,0.0,73.69188958778977,0.009127259254455566,7.194745846092701,LOS,
3,47.0,2,-3573405.750195019,30,29,31,37,7,-0.10399999999935972,17903.633358992636,1.9359957871575197E-4,2.1951664E-11,0.0,291.9579351246357,-0.22320129349827766,65.99544605612755,NLOS,
4,64.0,2,-3633390.719012812,48,47,48,49,42,0.0039999999971769284,18548.42547275871,-6.773070421046522E-6,1.9133729E-13,0.0,353.7316818460822,0.014294818043708801,-19.244736846536398,LOS,
8,44.0,2,-3626788.29214881,42,41,42,49,38,-0.0020000000004074536,17884.10405551642,1.7158997689908022E-5,4.6850583E-12,0.0,310.522235352546,-0.012831538915634155,552.9819231592119,NLOS,
9,9.0,2,-3654968.5087397546,46,45,46,47,42,-0.05700000000069849,17616.179956898093,-7.840073549044636E-5,-1.1732962E-11,0.0,578.5564315654337,-0.049424488097429276,85.11121814325452,LOS,
73,26.0,0,-3596226.759942211,28,28,28,37,4,-0.4609999999993306,18588.56852516532,1.1720249312929789E-4,1.8189894E-12,0.0,393.86500200629234,31.518278501927853,-16.264878753572702,NLOS,
74,48.0,0,-3620403.9725875705,36,35,36,46,10,-0.0650000000023283,18465.928203385323,3.6716664908453626E-5,1.8189894E-12,0.0,271.2246802262962,3.887706309556961,31.903490114957094,LOS,
75,32.0,0,-3772548.7316959947,25,24,25,29,7,0.10300000000279397,17640.055153869092,-4.7077015915419896E-4,-9.094947E-13,0.0,554.6491872705519,-6.434599656611681,35.940210182219744,LOS,
76,27.0,0,-3633822.47304032,20,19,20,30,0,0.9860000000007858,18297.211424976587,0.0,0.0,0.0,102.50735649839044,-12.573668699711561,2443.0247203968465,NLOS,
23,40.0,2,-3657476.295434188,46,45,47,50,26,-0.03499999999985448,17791.054147057235,-8.684646317900004E-5,5.4531553E-13,0.0,403.7532611563802,-0.04987488314509392,60.93244922533631,LOS,
31,40.0,0,-3534203.260725081,27,26,26,41,0,0.04899999999906868,18322.24363468215,3.2391649809131374E-4,-1.5565847E-12,0.0,129.2516379095614,-8.514718491584063,-68.46444529667497,NLOS,
1,78.0,2,-3652383.2634639814,42,41,42,42,19,0.3359999999993306,18121.340973298997,-9.345375742900492E-6,9.3801497E-13,0.0,73.66911014541984,0.022779442369937897,7.138118222355843,LOS,
3,47.0,2,-3591599.8883388415,30,29,30,37,7,0.2699999999967986,17903.892152801156,1.9359960066741796E-4,2.1951664E-11,0.0,291.9214456230402,0.03648950159549713,65.13630988448858,NLOS,
4,64.0,2,-3651585.6901331134,48,47,48,49,42,0.3220000000001164,18548.73921315372,-6.7730702297092265E-6,1.9133729E-13,0.0,353.75120451673865,0.019522670656442642,-19.27742011845112,LOS,
8,44.0,2,-3644983.1817876548,42,41,42,49,38,0.31599999999889405,17884.411923650652,1.7159002374966525E-5,4.6850583E-12,0.0,310.52753884345293,-0.005303490906953812,552.8691056147218,NLOS,
9,9.0,2,-3673163.4405219555,46,45,46,47,42,0.2540000000008149,17616.42414509505,-7.840074722340836E-5,-1.1732962E-11,0.0,578.6047887094319,-0.04835714399814606,85.0356219522655,LOS,
73,26.0,0,-3614355.2893286906,28,28,28,37,4,0.31199999999807915,18482.383933078498,1.1720249494828736E-4,1.8189894E-12,0.0,287.3806174620986,-106.48438454419374,-82.7388078905642,NLOS,
74,48.0,0,-3638590.5343039148,36,35,36,46,10,1.0140000000028522,18447.401706080884,3.67166667274431E-5,1.8189894E-12,0.0,252.3983904644847,-18.826289761811495,23.46189084276557,LOS,
75,32.0,0,-3790741.591072656,25,24,25,29,7,0.6019999999989523,17643.144888404757,-4.707701600636937E-4,-9.094947E-13,0.0,551.8592451922596,2.78994207829237,33.79545324668288,LOS,
76,27.0,0,-3652018.265610177,21,20,20,30,0,-0.5210000000006403,18288.357927117497,0.0,0.0,0.0,93.35406618192792,-9.153290316462517,2443.8134293183684,NLOS,
23,40.0,2,-3675671.144126065,46,45,46,50,26,0.2849999999998545,17791.32842208445,-8.684646263368448E-5,5.4531553E-13,0.0,403.7795218490064,-0.02626069262623787,60.777443647384644,LOS,
31,40.0,0,-3552401.222754929,28,27,27,41,0,0.16799999999784632,18322.402166660875,3.239164965347289E-4,-1.5565847E-12,0.0,130.44829825684428,1.1966603472828865,-65.50674303621054,NLOS,
1,78.0,2,-3670578.066282518,42,41,42,42,19,-0.007999999997991836,18121.342175457627,-9.345374606550869E-6,9.4686477E-13,0.0,73.0790414698422,0.5900686755776405,7.53700140863657,LOS,
3,47.0,2,-3609794.0573001057,30,29,30,37,7,-0.113999999997759,17903.788437470794,1.935996226190826E-4,2.1951664E-11,0.0,291.26837043464184,0.6530751883983612,64.90757607296109,NLOS,
4,64.0,2,-3669780.547364529,48,47,48,49,42,-0.024999999997817213,18548.722264636308,-6.773070038371943E-6,1.9133729E-13,0.0,354.3358848504722,0.5846803337335587,-18.82440736144781,LOS,
8,44.0,2,-3663177.9164822176,42,41,42,49,38,-0.03499999999985448,17884.38498865813,1.7159007060024745E-5,4.6850583E-12,0.0,309.99242516979575,0.5351136736571789,553.2009287029505,NLOS,
9,9.0,2,-3691358.2580524534,46,45,46,47,42,-0.08799999999973807,17616.346037786454,-7.840075895636966E-5,-1.1732962E-11,0.0,578.0855410322547,0.5192476771771908,85.44535897672176,LOS,
73,26.0,0,-3632542.3585869707,28,28,28,37,4,-0.2929999999978463,18540.92839289829,1.1720249676727672E-4,1.8189894E-12,0.0,346.5246622003615,59.14404473826289,-90.07328030839562,NLOS,
74,48.0,0,-3656781.540495258,36,36,36,46,10,-1.2090000000025611,18452.000449046493,3.671666854643245E-5,1.8189894E-12,0.0,257.5967183448374,5.1983278803527355,20.064351484179497,LOS,
75,32.0,0,-3808936.29630471,25,25,25,29,7,-0.8300000000017462,17645.089131947607,-4.7077016097318836E-4,-9.094947E-13,0.0,549.3154167309403,2.543828461319208,34.09613662213087,LOS,
76,27.0,0,-3670218.9127827734,26,21,21,30,0,-0.00999999999839929,18293.369238052517,0.0,0.0,0.0,98.96496203169227,5.610895849764347,2450.056325893849,NLOS,
23,40.0,2,-3693865.8721264377,46,45,46,50,26,-0.0650000000023283,17791.274763774127,-8.684646208836897E-5,5.4531553E-13,0.0,403.2402849085629,0.5392369404435158,61.10133147984743,LOS,
31,40.0,2,-3570595.72837827,28,27,28,41,0,0.033000000003085006,18322.44577150792,3.239164949781442E-4,-1.5565847E-12,0.0,127.71695453301072,-2.731343723833561,-65.40586236864328,NLOS,
1,78.0,2,-3688772.073235996,42,41,42,42,19,-0.691000000002532,18120.642395593226,-9.345373659686012E-6,9.4686477E-13,0.0,73.48354534059763,-0.40450387075543404,7.439755190163851,LOS,
3,47.0,2,-3627987.5870428644,30,30,30,37,7,-0.7809999999990396,17902.99811563641,1.935996445707486E-4,2.1951664E-11,0.0,291.5851555354893,-0.3167851008474827,64.3394162133336,NLOS,
4,64.0,2,-3687974.53827988,48,47,48,49,42,-0.7030000000013388,18548.009295832366,-6.773069231240919E-6,2.1805415E-13,0.0,353.9347857758403,-0.4010990746319294,-18.937733601778746,LOS,
8,44.0,2,-3681371.8186861277,42,41,42,49,38,-0.7129999999997381,17883.662828862667,1.715901174508325E-5,4.6850583E-12,0.0,310.4346754848957,-0.4422503150999546,553.0000535957515,NLOS,
9,9.0,2,-3709552.261811424,46,45,46,47,42,-0.7730000000010477,17615.563328478485,-7.840077068933167E-5,-1.1732962E-11,0.0,578.5656705088913,-0.4801294766366482,85.34111693501472,LOS,
73,26.0,0,-3650775.285226006,28,27,28,37,4,-1.1090000000003783,18586.790407989174,1.1720249858626619E-4,1.8189894E-12,0.0,392.6864697448909,46.16180754452944,-51.2505795173347,NLOS,
74,48.0,0,-3674997.5691404603,37,36,36,46,10,-0.31199999999807915,18477.17718680948,3.6716670365421924E-5,1.8189894E-12,0.0,283.073248565197,25.476530220359564,41.98905844241381,LOS,
75,32.0,0,-3827129.262030598,25,25,25,29,7,-0.5349999999998545,17643.447975788265,-4.707701618826831E-4,-9.094947E-13,0.0,550.6567804329097,-1.3413637019693851,32.95710628852248,LOS,
76,27.0,0,-3688412.077682551,27,26,26,30,0,-0.22599999999874854,18286.04365491867,0.0,0.0,0.0,91.9391713552177,-7.025790676474571,2449.116742108017,NLOS,
23,40.0,2,-3712059.818502877,46,45,46,50,26,-0.7399999999979627,17790.525003917515,-8.684646154305341E-5,5.4531553E-13,0.0,403.6618214175105,-0.42153650894761086,60.94338783994317,LOS,
31,40.0,2,-3588790.0217360184,28,27,28,41,0,-0.6720000000022992,18321.76473417878,3.2391649342155936E-4,-1.5565847E-12,0.0,127.9299695789814,0.21301504597067833,-65.21745483204722,NLOS,
1,78.0,2,-3706965.923681285,42,41,42,42,19,-0.052999999999883585,18120.5981881693,-9.345372712821212E-6,9.4686477E-13,0.0,73.2277744859457,0.25577085465192795,7.485793236643076,LOS,
3,47.0,2,-3646181.1364834793,31,30,30,37,7,-0.13900000000285218,17902.868050497025,1.9359966652241333E-4,2.1951664E-11,0.0,291.2429849654436,0.3421705700457096,64.09074666723609,NLOS,
4,64.0,2,-3706168.4299524426,48,47,48,49,42,-0.06499999999869033,18547.954190384597,-6.77306901318678E-6,2.1805415E-13,0.0,354.17186331003904,0.237077534198761,-18.85068676993251,LOS,
8,44.0,2,-3699565.5303126276,41,41,42,49,38,-0.07400000000052387,17883.598242174834,1.7159016430141484E-5,4.6850583E-12,0.0,310.2349618189037,0.19971366599202156,552.908393535763,NLOS,
9,9.0,2,-3727746.1199952587,46,45,46,47,42,-0.125,17615.446848150343,-7.8400782422293E-5,-1.1732962E-11,0.0,578.3775269947946,0.1881435140967369,85.39109221100807,LOS,
73,26.0,0,-3668910.4271198586,28,27,28,37,4,-0.18700000000171713,18489.010256845504,1.1720250040525556E-4,1.8189894E-12,0.0,295.2061110623181,-97.48035868257284,-109.91283144801855,NLOS,
74,48.0,0,-3693178.4685091004,37,36,37,46,10,0.12999999999738066,18442.202146187425,3.6716672184411294E-5,1.8189894E-12,0.0,248.3980004042387,-34.67524816095829,29.08428129926324,LOS,
75,32.0,0,-3845319.1220856085,25,25,25,29,7,0.5,17640.440751194954,-4.707701627921778E-4,-9.094947E-13,0.0,553.3642125688493,-2.707432135939598,29.01219753548503,LOS,
76,27.0,0,-3706606.6115855724,28,27,27,30,0,0.11699999999837019,18287.569306675345,0.0,0.0,0.0,93.76461557298899,1.8254442177712917,2449.845954027027,NLOS,
23,40.0,2,-3730253.621654805,46,45,46,50,26,-0.1069999999999709,17790.42651541531,-8.68464609977379E-5,5.4531553E-13,0.0,403.44490836188197,0.21691305562853813,60.9420121461153,LOS,
31,40.0,2,-3606982.4844673574,28,27,28,41,0,-0.05099999999947613,18321.723428022116,3.239164918649746E-4,-1.5565847E-12,0.0,126.52460285276175,-1.405366726219654,-66.55988125130534,NLOS,
1,78.0,2,-3725159.7963182516,42,41,42,42,19,0.11700000000200816,18120.716702066362,-9.345371765956411E-6,9.4686477E-13,0.0,73.09309398382902,0.13468050211668015,7.554022960364819,LOS,
3,47.0,2,-3664374.8639959544,31,30,31,37,7,0.018000000000029104,17902.887054834515,1.9359968847407807E-4,2.1951664E-11,0.0,291.0422459580004,0.20073900744318962,64.02014898136258,NLOS,
4,64.0,2,-3724362.307038702,48,47,48,49,42,0.10199999999895226,18548.056380920112,-6.7730687951326386E-6,2.1805415E-13,0.0,354.2564007602632,0.08453745022416115,-18.778226245194674,LOS,
8,44.0,2,-3717759.22107438,41,40,42,49,38,0.09600000000136788,17883.693328551948,1.7159021115199724E-5,4.6850583E-12,0.0,310.1653331294656,0.06962868943810463,552.7958687283099,NLOS,
9,9.0,2,-3745939.979071062,46,45,46,47,42,0.037000000000261934,17615.48386857286,-7.840079415525436E-5,-1.1732962E-11,0.0,578.3427364267409,0.03479056805372238,85.44195945560932,LOS,
73,26.0,0,-3687142.442180816,28,27,28,37,4,0.3820000000014261,18585.8880414553,1.1720250222424493E-4,1.8189894E-12,0.0,392.0838956683874,96.87778460606933,-71.7019162774086,NLOS,
74,48.0,0,-3711369.986295536,37,36,37,46,10,0.39900000000125146,18452.974799010903,3.671667400340066E-5,1.8189894E-12,0.0,259.1706532277167,10.772652823477983,26.79792195186019,LOS,
75,32.0,0,-3863516.3429516405,25,24,25,29,7,0.5410000000010768,17647.90000578761,-4.7077016370167246E-4,-9.094947E-13,0.0,545.9049579761922,7.459254592657089,32.42809980362654,LOS,
76,27.0,0,-3724801.662950907,28,27,28,30,0,-0.052999999999883585,18288.243393100798,0.0,0.0,0.0,94.43870199471712,0.6740864217281342,2451.0926282554865,NLOS,
23,40.0,2,-3748447.443889588,46,45,46,50,26,0.0639999999984866,17790.49086915329,-8.684646045242238E-5,5.4531553E-13,0.0,403.3655029758811,0.07940538600087166,60.95971930772066,LOS,
31,40.0,2,-3625173.89526828,28,27,28,41,0,0.15100000000165892,18321.873621102422,3.2391649030838986E-4,-1.5565847E-12,0.0,125.5981417298317,-0.9264611229300499,-68.95423808321357,NLOS,
1,78.0,2,-3743354.026555445,42,41,42,42,19,0.4569999999985157,18121.164680443704,-9.345370819091553E-6,9.4686477E-13,0.0,72.62300273030996,0.4700912535190582,7.979852914810181,LOS,
3,47.0,2,-3682569.118143499,32,31,31,37,7,0.3610000000007858,17903.238256931305,1.9359971042574414E-4,2.1951664E-11,0.0,290.49295706674457,0.5492888912558556,64.47618636488914,NLOS,
4,64.0,2,-3742556.5153981224,48,47,48,49,42,0.44099999999889405,18548.487902745605,-6.7730685770784855E-6,2.1805415E-13,0.0,354.6868076622486,0.4304069019854069,-18.374492555856705,LOS,
8,44.0,2,-3735953.222981345,41,40,41,49,38,0.4330000000009022,17884.118932917714,1.7159025800258248E-5,4.6850583E-12,0.0,309.76369985565543,0.40163327381014824,552.9944891370833,NLOS,
9,9.0,2,-3764134.1770214736,46,45,46,47,42,0.375,17615.848995041102,-7.840080588821641E-5,-1.1732962E-11,0.0,577.969991222024,0.37274520471692085,85.83170131221414,LOS,
73,26.0,0,-3705342.92144569,28,27,28,37,4,0.8440000000009604,18554.356886588037,1.172025040432344E-4,1.8189894E-12,0.0,360.55274080485106,-31.531154863536358,-65.02679718658328,NLOS,
74,48.0,0,-3729578.31023911,37,36,37,46,10,0.6720000000022992,18469.935190439224,3.671667582239014E-5,1.8189894E-12,0.0,276.131044652313,16.96039142459631,41.317719738930464,LOS,
75,32.0,0,-3881704.5310784504,25,24,25,29,7,0.049999999999272404,17638.965707033873,-4.707701646111672E-4,-9.094947E-13,0.0,554.8392567299306,-8.934298753738403,26.811262849718332,LOS,
76,27.0,0,-3742994.80154334,28,27,28,30,0,0.6169999999983702,18286.487220056355,0.0,0.0,0.0,92.68252895399928,-1.7561730407178402,2450.426529586315,NLOS,
23,40.0,2,-3766641.601560857,46,45,46,50,26,0.40300000000206637,17790.883027106524,-8.68464612701477E-5,5.509627E-13,0.0,402.95870201289654,0.4068009629845619,61.31245432421565,LOS,
31,40.0,2,-3643364.9126061276,28,27,28,41,0,0.4529999999977008,18322.31658563018,3.23916488751805E-4,-1.5565847E-12,0.0,125.33015010878444,-0.2679916210472584,-71.74205799400806,NLOS,
1,78.0,2,-3761548.3960079104,42,41,42,42,19,0.23900000000139698,18121.411385133862,-9.345369872226754E-6,9.4686477E-13,0.0,72.37128087133169,0.2517218589782715,8.544898137450218,LOS,
3,47.0,2,-3700763.6745619066,32,31,32,37,7,0.1569999999992433,17903.40378587693,1.9359973237740886E-4,2.1951664E-11,0.0,290.1679923646152,0.324964702129364,65.2344946153462,NLOS,
4,64.0,2,-3760750.857253898,48,47,48,49,42,0.23099999999976717,18548.72753911093,-6.773068359024346E-6,2.1805415E-13,0.0,354.9193827584386,0.23257509618997574,-17.837262514978647,LOS,
8,44.0,2,-3754147.3607541695,41,40,41,49,38,0.21299999999973807,17884.341435987502,1.715903048531648E-5,4.6850583E-12,0.0,309.5372945331037,0.2264053225517273,553.3289754018188,NLOS,
9,9.0,2,-3782328.519692119,46,45,46,47,42,0.16600000000107684,17616.02561981231,-7.840081762117775E-5,-1.1732962E-11,0.0,577.7913224175572,0.1786688044667244,86.3661633990705,LOS,
73,26.0,0,-3723542.459166307,28,27,28,37,4,-0.6480000000010477,18553.419942371547,1.1720250586222377E-4,1.8189894E-12,0.0,359.615796584636,-0.9369442202150822,-59.29322235658765,NLOS,
74,48.0,0,-3747760.2691298835,37,36,37,46,10,0.001999999996769475,18443.724323224276,3.6716677641379505E-5,1.8189894E-12,0.0,249.92017744109035,-26.21086721122265,29.472464729100466,LOS,
75,32.0,0,-3899896.3185303025,25,24,25,29,7,0.030000000002473826,17642.66357009113,-4.707701655206619E-4,-9.094947E-13,0.0,551.1413936726749,3.697863057255745,24.793750938028097,LOS,
76,27.0,0,-3761187.6100657843,29,28,28,30,0,0.23100000000340515,18286.31370858848,0.0,0.0,0.0,92.50901748239994,-0.17351147159934044,2449.4303609244525,NLOS,
23,40.0,2,-3784835.926968854,46,45,46,50,26,0.19099999999889405,17791.084047026932,-8.684646071918501E-5,5.509627E-13,0.0,402.74091939255595,0.2177826203405857,61.833336390554905,LOS,
31,40.0,2,-3661555.009676967,28,27,28,41,0,0.2639999999992142,18322.590432908386,3.2391648719522025E-4,-1.5565847E-12,0.0,124.53533321991563,-0.7948168888688087,-75.45014490932226,NLOS,
1,78.0,2,-3779743.1670656763,42,41,42,42,19,0.5020000000004075,18121.91267728433,-9.345368925361954E-6,9.4686477E-13,0.0,72.15695939213037,0.21432147920131683,9.211756207048893,LOS,
3,47.0,2,-3718958.894186329,32,32,32,37,7,0.41200000000026193,17903.8159551993,1.9359975432907357E-4,2.1951664E-11,0.0,289.7818987853825,0.3860935792326927,66.35621641948819,NLOS,
4,64.0,2,-3778945.5793138035,48,47,48,49,42,0.4800000000032014,18549.209062352777,-6.7730681409702056E-6,2.1805415E-13,0.0,355.09888369962573,0.17950094118714333,-17.219620801508427,LOS,
8,44.0,2,-3772341.8968295977,41,40,41,49,38,0.4819999999999709,17884.822281718254,1.715903517037471E-5,4.6850583E-12,0.0,309.34825087338686,0.18904365971684456,553.7619718126953,NLOS,
9,9.0,2,-3800523.248850085,46,45,46,47,42,0.4179999999978463,17616.44249605015,-7.840082935413906E-5,-1.1732962E-11,0.0,577.6707079857588,0.1206144317984581,86.98732034862041,LOS,
73,26.0,0,-3741733.8860591203,28,27,28,37,4,1.731999999999971,18545.313738901168,1.1720250768121314E-4,1.8189894E-12,0.0,351.2098006606102,-8.405995924025774,-61.97026778385043,NLOS,
74,48.0,0,-3765957.7666788325,37,36,37,46,10,0.7540000000008149,18459.417166665196,3.671667946036887E-5,1.8189894E-12,0.0,265.3132284209132,15.393050979822874,32.866075433790684,LOS,
75,32.0,0,-3918091.9969945103,25,24,25,29,7,0.9879999999975553,17646.65311639011,-4.7077016643015657E-4,-9.094947E-13,0.0,547.4516398310661,3.6897538416087627,26.367458924651146,LOS,
76,27.0,0,-3779378.9822645634,29,28,29,30,0,0.8939999999965949,18285.033919420093,0.0,0.0,0.0,90.92943586036563,-1.5795816220343113,2446.698076143861,NLOS,
23,40.0,2,-3803030.6605836153,46,45,46,50,26,0.44499999999970896,17791.52920229733,-8.684646016822232E-5,5.509627E-13,0.0,402.57214291766286,0.1687764748930931,62.46263276413083,LOS,
31,40.0,2,-3679747.1101587974,28,27,28,41,0,0.4940000000024156,18323.084803305566,3.2391648563863553E-4,-1.5565847E-12,0.0,126.36440421640873,1.8290709964931011,-77.45461329445243,NLOS,
1,78.0,2,-3797938.299395643,42,41,42,42,19,0.4859999999971478,18122.390920039266,-9.345367978497097E-6,9.4686477E-13,0.0,71.98296884447336,0.17399054765701294,9.940094016492367,LOS,
3,47.0,2,-3737154.7920394503,33,32,32,37,7,0.3960000000006403,17904.20429705456,1.935997762807396E-4,2.1951664E-11,0.0,289.3807958960533,0.401102889329195,67.85637446120381,NLOS,
4,64.0,2,-3797140.6661634296,48,47,48,49,42,0.4789999999993597,18549.677968557924,-6.7730679229160525E-6,2.1805415E-13,0.0,355.26298024505377,0.16409654542803764,-16.53698182106018,LOS,
8,44.0,2,-3790536.813404914,40,40,41,49,38,0.4690000000009604,17885.282531943172,1.715903985543322E-5,4.6850583E-12,0.0,309.177015401423,0.17123547196388245,554.2756756544113,NLOS,
9,9.0,2,-3818718.343583055,46,45,46,47,42,0.407999999999447,17616.841590836644,-7.840084108710107E-5,-1.1732962E-11,0.0,577.5710340254009,0.09967396035790443,87.6742598451674,LOS,
73,26.0,0,-3759924.934287671,28,27,28,37,4,-0.9690000000009604,18544.93972271681,1.1720250950020261E-4,1.8189894E-12,0.0,350.53599201515317,-0.6738086454570293,-65.32576993480325,NLOS,
74,48.0,0,-3784148.2834891267,37,37,37,46,10,0.4370000000017171,18452.59061255306,3.671668127935834E-5,1.8189894E-12,0.0,258.1868818514049,-7.126346569508314,28.979155026376247,LOS,
75,32.0,0,-3936282.65062825,25,24,25,29,7,-0.037000000000261934,17641.72681665048,-4.707701673396513E-4,-9.094947E-13,0.0,552.6777320280671,-5.22609219700098,22.616543985903263,LOS,
76,27.0,0,-3797572.2137117647,29,28,29,30,0,0.13100000000122236,18287.049678247422,0.0,0.0,0.0,92.64540222659707,1.7159663662314415,2445.525247324258,NLOS,
23,40.0,2,-3821225.770749368,46,45,46,50,26,0.4379999999982829,17791.95828866586,-8.68464596172596E-5,5.509627E-13,0.0,402.4350444562733,0.13709846138954163,63.16868767142296,LOS,
31,40.0,2,-3697939.9747762643,27,26,28,41,0,0.5190000000002328,18323.594758555293,3.239164840820507E-4,-1.5565847E-12,0.0,126.95420202985406,0.5897978134453297,-78.99473850056529,NLOS,
1,78.0,2,-3816133.47398575,42,41,42,42,19,0.14600000000064028,18122.547007199377,-9.345367031632301E-6,9.4686477E-13,0.0,72.42776740342379,-0.4447985589504242,10.111107047647238,LOS,
3,47.0,2,-3755350.9775069654,33,32,33,37,7,0.05700000000069849,17904.268774598837,1.9359979823240422E-4,2.1951664E-11,0.0,289.6700600758195,-0.28926417976617813,69.04456198588014,NLOS,
4,64.0,2,-3815335.8015930317,48,47,48,49,42,0.13799999999901047,18549.826708070934,-6.773067704861914E-6,2.1805415E-13,0.0,354.81101989001036,-0.45196035504341125,-16.405347786843777,LOS,
8,44.0,2,-3808731.7727456577,40,39,41,49,38,0.12299999999959255,17885.414018183947,1.7159044540491436E-5,4.6850583E-12,0.0,309.6432558707893,-0.466240469366312,554.2325600087643,NLOS,
9,9.0,2,-3836913.490952324,46,45,46,47,42,0.0750000000007276,17616.925408504903,-7.840085282006237E-5,-1.1732962E-11,0.0,578.0840139277279,-0.5129799023270607,87.8142507262528,LOS,
73,26.0,0,-3778196.576858185,28,27,28,37,4,0.8539999999993597,18625.538671974093,1.1720251131919196E-4,1.8189894E-12,0.0,430.5353563576937,79.9993643425405,11.313484963029623,NLOS,
74,48.0,0,-3802351.030040525,38,37,37,46,10,0.07599999999729334,18464.974489677697,3.67166830983477E-5,1.8189894E-12,0.0,269.97117406129837,11.784292209893465,36.72239080816507,LOS,
75,32.0,0,-3954481.217244044,25,24,25,29,7,-0.3279999999977008,17649.73842627555,-4.7077016824914603E-4,-9.094947E-13,0.0,545.265707321465,7.412024706602097,26.179026182740927,LOS,
76,27.0,0,-3815767.079075422,29,28,29,30,0,0.03900000000066939,18288.84006395191,0.0,0.0,0.0,93.83620301634073,1.1908007897436619,2445.386750046164,NLOS,
23,40.0,2,-3839420.923905056,46,46,46,50,26,0.09600000000136788,17792.062784709036,-8.68464590662969E-5,5.509627E-13,0.0,402.9312482737005,-0.49620381742715836,63.31814759969711,LOS,
31,40.0,2,-3716133.707076043,27,26,28,41,0,0.14699999999720603,18323.750373419374,3.239164825254659E-4,-1.5565847E-12,0.0,127.34773279726505,0.3935307674109936,-80.26676630973816,NLOS,
1,78.0,2,-3834328.70741101,42,41,42,42,19,0.17000000000189175,18122.715769030154,-9.345366084767506E-6,9.4686477E-13,0.0,72.55619647353888,-0.12842907011508942,10.04116277769208,LOS,
3,47.0,2,-3773547.4067524895,33,32,33,37,7,0.07999999999810825,17904.349236611277,1.9359982018406886E-4,2.1951664E-11,0.0,289.7033820897341,-0.033322013914585114,70.17673505842686,NLOS,
4,64.0,2,-3833530.9999692887,48,47,48,49,42,0.14500000000043656,18549.97105678916,-6.773067486807774E-6,2.1805415E-13,0.0,354.6732292622328,-0.13779062777757645,-16.510559551417828,LOS,
8,44.0,2,-3826926.77586098,40,39,40,49,38,0.1389999999992142,17885.553011279553,1.715904922554965E-5,4.6850583E-12,0.0,309.80870078504086,-0.16544491425156593,553.9334264807403,NLOS,
9,9.0,2,-3855108.6925679073,46,45,46,47,42,0.08200000000215368,17617.00857714191,-7.840086455302365E-5,-1.1732962E-11,0.0,578.2956205420196,-0.21160661429166794,87.7086954601109,LOS,
73,26.0,0,-3796533.925184436,27,26,28,37,4,-0.8149999999986903,18691.249059353024,1.1720251313818133E-4,1.8189894E-12,0.0,495.94595127925277,65.4105949215591,153.35870314016938,NLOS,
74,48.0,0,-3820549.0099906847,38,37,38,46,10,0.24800000000323053,18460.36202416569,3.671668491733706E-5,1.8189894E-12,0.0,265.05891609191895,-4.912257969379425,39.399232894182205,LOS,
75,32.0,0,-3972676.5728941634,25,24,25,29,7,0.4679999999971187,17646.626083940268,-4.707701691586407E-4,-9.094947E-13,0.0,548.6778421141207,-3.4121347926557064,26.230750247836113,LOS,
76,27.0,0,-3833961.016076017,29,28,29,30,0,0.6080000000001746,18288.068146273494,0.0,0.0,0.0,92.76449288055301,-1.0717101357877254,2444.020097248256,NLOS,
23,40.0,2,-3857616.1394661665,47,46,46,50,26,0.10900000000037835,17792.17199325189,-8.684645851533421E-5,5.509627E-13,0.0,403.10826713219285,-0.17701885849237442,63.23022048920393,LOS,
31,40.0,0,-3734317.911134638,27,26,27,41,0,0.20700000000215368,18323.95606739819,3.2391648096888125E-4,-1.5565847E-12,0.0,117.64513488858938,-9.70259790867567,-91.36682775989175,NLOS,
1,78.0,2,-3852523.989740927,42,41,42,42,19,0.17399999999906868,18122.8803630732,-9.345365137902652E-6,9.4686477E-13,0.0,72.09496897086501,0.46122750267386436,10.319915622472763,LOS,
3,47.0,2,-3791744.0546549372,33,32,33,37,7,0.08000000000174623,17904.419801697135,1.9359984213573482E-4,2.1951664E-11,0.0,289.1622536070645,0.5411284826695919,71.82735751569271,NLOS,
4,64.0,2,-3851726.262817368,48,47,48,49,42,0.17199999999866122,18550.133478797972,-6.773067268753622E-6,2.1805415E-13,0.0,355.1365586705506,0.46332940831780434,-16.25150703638792,LOS,
8,44.0,2,-3845121.859579921,40,39,40,49,38,0.1640000000006694,17885.707829982042,1.7159053910608148E-5,4.6850583E-12,0.0,309.33773723617196,0.4709635488688946,554.0146890319884,NLOS,
9,9.0,2,-3873303.945305176,46,45,46,47,42,0.09699999999793363,17617.095654260367,-7.840087628598564E-5,-1.1732962E-11,0.0,577.9107950106263,0.38482553139328957,87.95405434072018,LOS,
73,26.0,0,-3814774.172559079,27,26,28,37,4,0.7680000000000291,18594.15276309848,1.172025149571708E-4,1.8189894E-12,0.0,399.14944748207927,-96.7965037971735,198.60276216641068,NLOS,
74,48.0,0,-3838746.1879824214,38,37,38,46,10,0.3499999999985448,18459.71420070529,3.671668673632653E-5,1.8189894E-12,0.0,264.7108850888908,-0.3480310030281544,41.573909014463425,LOS,
75,32.0,0,-3990872.891529374,25,24,25,29,7,0.2620000000024447,17647.68768915534,-4.7077017006813543E-4,-9.094947E-13,0.0,547.3164444379508,1.3613976761698723,27.545251864939928,LOS,
76,27.0,0,-3852157.5946968086,29,28,29,30,0,0.1929999999993015,18290.866187926382,0.0,0.0,0.0,95.86232699081302,3.0978341102600098,2445.5948571041226,NLOS,
23,40.0,2,-3875811.414143648,47,46,47,50,26,0.13100000000122236,17792.293685398996,-8.684645796437149E-5,5.509627E-13,0.0,402.68901239708066,0.41925473511219025,63.50120221078396,LOS,
31,40.0,0,-3752527.632277075,27,26,27,41,0,0.125,18324.073108144104,3.2391647941229637E-4,-1.5565847E-12,0.0,143.5874490737915,25.94231418520212,-76.65001291036606,NLOS,
1,78.0,2,-3870719.604115553,42,42,42,42,19,0.4219999999986612,18123.311388388276,-9.345364191037858E-6,9.4686477E-13,0.0,72.24996355175972,-0.15499458089470863,10.331128258258104,LOS,
3,47.0,0,-3810013.383563511,32,15,33,37,7,0.7619999999988067,17905.191982265562,1.9359986408739943E-4,2.1951664E-11,0.0,217.0581140369177,72.1041395701468,145.55940118059516,NLOS,
4,64.0,2,-3869921.8328621723,48,47,48,49,42,0.4040000000022701,18550.546375956386,-6.7730670506994825E-6,2.1805415E-13,0.0,354.94318130239844,-0.19337736815214157,-16.28484271466732,LOS,
8,44.0,2,-3863317.25296364,40,39,40,49,38,0.3960000000006403,17886.11368738115,1.7159058595666357E-5,4.6850583E-12,0.0,309.53703942894936,-0.19930219277739525,553.8060314431787,NLOS,
9,9.0,2,-3891499.51988969,46,45,46,47,42,0.3460000000013679,17617.45130354166,-7.84008880189469E-5,-1.1732962E-11,0.0,578.1545448228717,-0.24374981224536896,87.92167554795742,LOS,
73,26.0,0,-3832993.7771339715,27,26,27,37,4,1.037000000000262,18573.51457836479,1.1720251677616015E-4,1.8189894E-12,0.0,377.91167782992125,-21.237769652158022,222.60443652421236,NLOS,
74,48.0,0,-3856937.244827248,38,37,38,46,10,0.23800000000119326,18453.747140478343,3.6716688555315885E-5,1.8189894E-12,0.0,258.1442399471998,-6.5666451416909695,37.027853310108185,LOS,
75,32.0,0,-4009070.5941859894,25,24,25,29,7,0.559000000001106,17649.17042671144,-4.707701709776301E-4,-9.094947E-13,0.0,546.4332918003201,0.8831526376307011,29.644189968705177,LOS,
76,27.0,0,-3870346.8208432607,29,28,29,30,0,0.342000000000553,18283.670094065368,0.0,0.0,0.0,88.06664821133018,-7.7956787794828415,2439.2175577022135,NLOS,
23,40.0,2,-3894007.018672485,47,46,47,50,26,0.3709999999991851,17792.67408470437,-8.68464574134088E-5,5.509627E-13,0.0,402.8983494155109,-0.209337018430233,63.50245036929846,LOS,
31,40.0,0,-3770733.778639745,26,26,27,41,0,0.4039999999986321,18324.48661917448,3.2391647785571165E-4,-1.5565847E-12,0.0,139.53850109130144,-4.048947982490063,-66.10756274685264,NLOS,
1,78.0,2,-3888915.1499513164,43,42,42,43,19,0.02200000000084401,18123.32324560359,-9.345363244173006E-6,9.4686477E-13,0.0,72.205959033221,0.044004518538713455,10.273802034556866,LOS,
3,47.0,0,-3828189.5728704557,23,22,33,37,7,-0.1610000000000582,17905.020914256573,1.9359988603906533E-4,2.1951664E-11,0.0,310.1750283315778,-93.11691429466009,126.15184321627021,NLOS,
4,64.0,2,-3888117.291097887,48,47,48,49,42,0.0,18550.537883110344,-6.77306683264533E-6,2.1805415E-13,0.0,354.9304145462811,-0.012766756117343903,-16.429987479001284,LOS,
8,44.0,2,-3881512.563198097,40,39,40,49,38,-0.005000000001018634,17886.098089769483,1.7159063280724847E-5,4.6850583E-12,0.0,309.5295950509608,0.007444377988576889,553.5142245925963,NLOS,
9,9.0,2,-3909694.990581855,45,45,46,47,42,-0.05700000000069849,17617.385981321335,-7.840089975190888E-5,-1.1732962E-11,0.0,578.2245126105845,-0.06996778771281242,87.78540441021323,LOS,
73,26.0,0,-3851214.2830405124,27,26,27,37,4,-0.852999999999156,18574.42057024315,1.1720251859514962E-4,1.8189894E-12,0.0,378.81766971200705,0.9059918820858002,247.50744253396988,NLOS,
74,48.0,0,-3875147.6345637552,38,37,38,46,10,0.2349999999969441,18473.234134014696,3.671669037430535E-5,1.8189894E-12,0.0,277.63123347982764,19.48699353262782,51.81468928232789,LOS,
75,32.0,0,-4027270.9045390747,25,24,25,29,7,0.216999999996915,17651.87680274248,-4.7077017188712483E-4,-9.094947E-13,0.0,543.726915769279,2.7063760310411453,34.35082454234362,LOS,
76,27.0,0,-3887983.5032597855,29,28,29,30,0,0.3709999999991851,18286.584640379995,-6.379330443451305E-6,1.8189894E-12,0.0,1821.4939595088363,-1909.5606077201664,-32.17862566187978,NLOS,
23,40.0,2,-3912202.517514143,47,46,47,50,26,-0.04100000000107684,17792.623544257134,-8.684645686244608E-5,5.509627E-13,0.0,402.94368682429194,-0.045337408781051636,63.3980113491416,LOS,
31,40.0,0,-3788944.669506222,26,26,27,41,0,0.5040000000008149,18324.980062719434,3.239164762991268E-4,-1.5565847E-12,0.0,144.40843157470226,4.869930483400822,-50.82060877233744,NLOS,
1,78.0,2,-3907110.716712989,43,42,43,43,19,0.11500000000160071,18123.449483010918,-9.345362297308212E-6,9.4686477E-13,0.0,71.77268210053444,0.4332769326865673,10.537194173783064,LOS,
3,47.0,0,-3846380.2263786867,27,26,32,37,7,-0.36499999999796273,17904.6658221744,1.9359990799072994E-4,2.1951664E-11,0.0,295.38830799236894,14.786720339208841,121.50827899575233,NLOS,
4,64.0,2,-3906312.7637264356,48,47,48,49,42,0.11099999999714782,18550.657581865788,-6.7730666145911915E-6,2.1805415E-13,0.0,355.3435878120363,0.41317326575517654,-16.260946955531836,LOS,
8,44.0,2,-3899707.9143978767,40,39,40,49,38,0.10499999999956344,17886.213904216886,1.7159067965783053E-5,4.6850583E-12,0.0,309.0981932207942,0.4314018301665783,553.563175521791,NLOS,
9,9.0,2,-3927890.470755156,45,44,46,47,42,0.03499999999985448,17617.42890598625,-7.840091148487015E-5,-1.1732962E-11,0.0,577.8812380284071,0.3432745821774006,87.95840686187148,LOS,
73,26.0,0,-3869361.3560403883,27,26,27,37,4,-0.6980000000003201,18500.99228344485,1.1720252041413897E-4,1.8189894E-12,0.0,305.68917536735535,-73.1284943446517,199.27733433246613,NLOS,
74,48.0,0,-3893331.080921009,39,38,38,46,10,0.26300000000264845,18446.444808252156,3.6716692193294706E-5,1.8189894E-12,0.0,251.14170017838478,-26.48953330144286,39.957938462495804,LOS,
75,32.0,0,-4045470.3880143017,25,25,25,29,7,0.6480000000010477,17651.148700427264,-4.707701727966195E-4,-9.094947E-13,0.0,544.1552256271243,-0.4283098578453064,38.530373714864254,LOS,
76,27.0,0,-3906176.5686907284,28,21,29,30,0,-0.467000000000553,18287.463500279933,-6.3793286244619495E-6,1.8189894E-12,0.0,92.16039220616221,1913.6543517149985,-34.41630279272795,NLOS,
23,40.0,2,-3930398.0447480567,47,46,47,50,26,0.06799999999930151,17792.701187510043,-8.684645631148338E-5,5.509627E-13,0.0,402.5551017560065,0.38858506828546524,63.62175704538822,LOS,
31,40.0,0,-3807153.2956148908,27,26,26,41,0,-0.05700000000069849,18324.933812905103,3.239164747425421E-4,-1.5565847E-12,0.0,142.56887166202068,-1.8395599126815796,-37.49862015247345,NLOS,
1,78.0,2,-3925306.5518171936,43,42,43,43,19,0.38299999999799184,18123.822205595672,-9.34536135044336E-6,9.4686477E-13,0.0,71.99136823415756,-0.21868613362312317,10.469343930482864,LOS,
3,47.0,2,-3864575.81032997,30,29,27,37,7,0.36199999999735155,17905.01725045964,1.9359992994239585E-4,2.1951664E-11,0.0,291.0347545668483,4.3535534255206585,121.19557291641831,NLOS,
4,64.0,2,-3924508.4960419647,48,47,48,49,42,0.37100000000282307,18551.02074838057,-6.773066396537039E-6,2.1805415E-13,0.0,355.10270968824625,-0.2408781237900257,-16.43180436640978,LOS,
8,44.0,2,-3917903.511714712,40,39,40,49,38,0.3499999999985448,17886.554171316326,1.7159072650841543E-5,4.6850583E-12,0.0,309.36104165762663,-0.262848436832428,553.2586585953832,NLOS,
9,9.0,2,-3946086.215495631,45,44,45,47,42,0.3070000000006985,17617.72648113966,-7.840092321783212E-5,-1.1732962E-11,0.0,578.1823186650872,-0.3010806366801262,87.79639157280326,LOS,
73,26.0,0,-3887527.572214514,27,26,27,37,4,1.2779999999984284,18520.14012312144,1.1720252223312844E-4,1.8189894E-12,0.0,324.2374301329255,18.548254765570164,169.5908154696226,NLOS,
74,48.0,0,-3911540.7618364096,39,38,39,46,10,0.40499999999883585,18472.833435334265,3.671669401228417E-5,1.8189894E-12,0.0,276.93074234202504,25.78904216364026,53.73616087064147,LOS,
75,32.0,0,-4063667.403416749,26,25,25,29,7,-0.5879999999997381,17648.77936603874,-4.7077017370611424E-4,-9.094947E-13,0.0,547.1241449303925,-2.968919303268194,39.64226519316435,LOS,
76,27.0,0,-3924367.3471263014,22,21,29,30,0,0.08200000000215368,18285.333702929318,-6.379326805472484E-6,1.8189894E-12,0.0,89.43100993707776,-2.7293822690844536,-39.5405602119863,NLOS,
23,40.0,2,-3948593.8547230735,48,47,47,50,26,0.33400000000256114,17793.027000259608,-8.684645576052066E-5,5.509627E-13,0.0,402.81159241497517,-0.25649065896868706,63.52865892276168,LOS,
31,40.0,0,-3825343.929712683,26,26,27,41,0,-0.15999999999985448,18324.763447374105,3.2391647318595726E-4,-1.5565847E-12,0.0,124.10269142314792,-18.466180238872766,-42.76822732016444,NLOS,
1,78.0,2,-3943502.605450675,43,42,43,43,19,0.3120000000017171,18124.144758615643,-9.345360403578566E-6,9.4686477E-13,0.0,71.96005982905626,0.031308405101299286,10.32023050636053,LOS,
3,47.0,2,-3882772.75473186,37,34,30,37,7,0.20900000000256114,17905.23644385487,1.9359995189406043E-4,2.1951664E-11,0.0,289.95136107876897,1.0833934880793095,121.94352497905493,NLOS,
4,64.0,2,-3942704.434267953,48,47,48,49,42,0.2989999999990687,18551.327667303383,-6.7730661784829014E-6,2.1805415E-13,0.0,355.107792109251,0.005082421004772186,-16.696543771773577,LOS,
8,44.0,2,-3936099.3299090825,40,39,40,49,38,0.2970000000022992,17886.86088810861,1.7159077335899745E-5,4.6850583E-12,0.0,309.3492859452963,0.011755712330341339,552.875226739794,NLOS,
9,9.0,2,-3964282.160924569,45,44,45,47,42,0.23300000000017462,17617.96843181178,-7.840093495079336E-5,-1.1732962E-11,0.0,578.2474075332284,-0.06508886814117432,87.5352722890675,LOS,
73,26.0,0,-3905700.6173711605,27,26,27,37,4,-0.06299999999828287,18526.97372969985,1.1720252405211779E-4,1.8189894E-12,0.0,330.77124425023794,6.533814117312431,146.43348666653037,NLOS,
74,48.0,0,-3929727.8652835414,39,38,39,46,10,0.32400000000052387,18450.409986823797,3.671669583127352E-5,1.8189894E-12,0.0,254.20750137791038,-22.723240964114666,44.63712255656719,LOS,
75,32.0,0,-4081865.860913858,26,25,26,29,7,0.6150000000016007,17650.320296555758,-4.7077017461560894E-4,-9.094947E-13,0.0,545.8830068744719,1.241138055920601,41.89645887166262,LOS,
76,27.0,0,-3942551.5341826044,22,21,28,30,0,0.9219999999986612,18278.899510540068,-6.379324986483131E-6,1.8189894E-12,0.0,82.6970250941813,-6.7339848428964615,-51.55598935484886,NLOS,
23,40.0,2,-3966789.87335385,48,47,48,50,26,0.25399999999717693,17793.290671996772,-8.684645520955798E-5,5.509627E-13,0.0,402.8423242792487,-0.030731864273548126,63.34442410618067,LOS,
31,40.0,0,-3843539.3955268785,26,25,27,41,0,0.5709999999999127,18325.34407075867,3.2391647162937254E-4,-1.5565847E-12,0.0,128.7600092627108,4.657317839562893,-43.50591054558754,NLOS,
1,78.0,2,-3961698.8739571907,43,42,43,43,19,0.31599999999889405,18124.460126787424,-9.345359456713773E-6,9.4686477E-13,0.0,71.33282075077295,0.6272390782833099,10.685782577842474,LOS,
3,47.0,2,-3900967.343929801,36,35,37,37,7,0.2360000000007858,17905.471657656133,1.9359997384572495E-4,2.1951664E-11,0.0,291.9840510375798,-2.0326899588108063,120.63606555387378,NLOS,
4,64.0,2,-3960900.5735427663,48,47,48,49,42,0.2989999999990687,18551.627319332212,-6.773065960428763E-6,2.1805415E-13,0.0,355.7076082378626,0.5998161286115646,-16.460441898554564,LOS,
8,44.0,2,-3954295.377908144,40,39,40,49,38,0.2959999999984575,17887.156642973423,1.715908202095794E-5,4.6850583E-12,0.0,308.72902420535684,0.6202617399394512,553.0213920399547,NLOS,
9,9.0,2,-3982478.31421189,45,44,45,47,42,0.23999999999796273,17618.20878962055,-7.840094668375459E-5,-1.1732962E-11,0.0,577.7057706937194,0.5416368395090103,87.78180384635925,LOS,
73,26.0,0,-3923895.32159131,27,26,27,37,4,0.5370000000002619,18548.637441512197,1.1720252587110714E-4,1.8189894E-12,0.0,352.73474851995707,21.963504269719124,145.23501382395625,NLOS,
74,48.0,0,-3947919.7829004824,39,38,39,46,10,0.3899999999994179,18455.378175973892,3.6716697650262876E-5,1.8189894E-12,0.0,259.475482981652,5.267981603741646,40.652046505361795,LOS,
75,32.0,0,-4100066.639158305,26,25,26,29,7,0.6409999999996217,17652.739875573665,-4.707701755251036E-4,-9.094947E-13,0.0,543.1636353954673,2.7193714790046215,46.771192349493504,LOS,
76,27.0,0,-3960753.574256692,20,19,22,30,0,-0.47699999999895226,18296.909721586853,-6.37932316749378E-6,1.8189894E-12,0.0,101.00702859461308,18.310003500431776,-45.418608259409666,NLOS,
23,40.0,2,-3984986.1157441214,48,47,48,50,26,0.272000000000844,17793.561248280108,-8.684645465859529E-5,5.509627E-13,0.0,402.2583904787898,0.5839338004589081,63.68374124541879,LOS,
31,40.0,0,-3861736.9592816345,26,25,26,41,0,0.511000000002241,18325.854869041592,3.239164700727878E-4,-1.5565847E-12,0.0,131.28313849121332,2.523129228502512,-41.8458607532084,NLOS,
1,78.0,2,-3979895.1382257715,43,42,43,43,19,0.10599999999976717,18124.55675766617,-9.345358509848925E-6,9.4686477E-13,0.0,71.52427554503083,-0.19145479425787926,10.747304253280163,LOS,
3,47.0,2,-3919160.4324672706,36,35,37,37,7,0.00999999999839929,17905.473781678826,1.9359999579739084E-4,2.1951664E-11,0.0,293.76179621741176,-1.7777451798319817,117.5281531997025,NLOS,
4,64.0,2,-3979096.6946625896,48,47,48,49,42,0.08399999999892316,18551.70201746747,-6.773065742374611E-6,2.1805415E-13,0.0,355.48864602297544,-0.21896221488714218,-16.542287472635508,LOS,
8,44.0,2,-3972491.4287571646,40,40,40,49,38,0.0750000000007276,17887.22227813676,1.715908670601642E-5,4.6850583E-12,0.0,308.9353081434965,-0.20628393813967705,552.8706148378551,NLOS,
9,9.0,2,-4000674.449633904,45,44,45,47,42,0.02500000000145519,17618.224509608,-7.840095841671655E-5,-1.1732962E-11,0.0,577.9894715249538,-0.2837008312344551,87.71067763864994,LOS,
73,26.0,0,-3942061.1519697197,28,27,27,37,4,-0.42400000000270666,18519.76827225834,1.1720252769009661E-4,1.8189894E-12,0.0,323.56578681245446,-29.168961707502604,114.86290678754449,NLOS,
74,48.0,0,-3966111.4165409915,39,38,39,46,10,0.03900000000066939,18455.248218435794,3.6716699469252334E-5,1.8189894E-12,0.0,259.045732986182,-0.429749995470047,36.08320156484842,LOS,
75,32.0,0,-4118263.186292041,27,26,26,29,7,-0.3070000000006985,17648.60759244114,-4.7077017643459834E-4,-9.094947E-13,0.0,547.5957109853625,-4.432075589895248,47.11502265930176,LOS,
76,27.0,0,-3978968.5208751,19,19,22,30,0,0.6100000000005821,18309.973465580493,-6.379321348504318E-6,1.8189894E-12,0.0,113.77098013088107,12.763951536267996,-26.6744753010571,NLOS,
23,40.0,2,-4003182.3366537094,48,47,48,50,26,0.046000000002095476,17793.5984541215,-8.684645410763256E-5,5.509627E-13,0.0,402.51930471509695,-0.26091423630714417,63.70178523659706,LOS,
31,40.0,0,-3879927.888381768,26,25,26,41,0,0.3499999999985448,18326.195766545832,3.2391646851620293E-4,-1.5565847E-12,0.0,124.47408993169665,-6.809048559516668,-47.120258040726185,NLOS,
1,78.0,2,-3998091.4415008575,43,42,43,43,19,0.15399999999863212,18124.719318427145,-9.34535756298413E-6,9.4686477E-13,0.0,71.0728858448565,0.45138970017433167,11.147624891251326,LOS,
3,47.0,2,-3937351.399837874,36,35,36,37,7,0.0639999999984866,17905.54591385275,1.936000176900558E-4,2.1949524E-11,0.0,295.5641991235316,-1.8024029061198235,112.59884874895215,NLOS,
4,64.0,2,-3997292.883882072,48,47,48,49,42,0.1500000000014552,18551.861800458282,-6.773065524320473E-6,2.1805415E-13,0.0,355.95546855032444,0.4668225273489952,-16.25624093040824,LOS,
8,44.0,2,-3990687.5424177535,41,40,40,49,38,0.13799999999901047,17887.369109217077,1.7159091391074616E-5,4.6850583E-12,0.0,308.48199497908354,0.4533131644129753,553.0824416615069,NLOS,
9,9.0,2,-4018870.6476738974,45,44,45,47,42,0.07600000000093132,17618.310197904706,-7.840097014967778E-5,-1.1732962E-11,0.0,577.5930272229016,0.39644430205225945,88.00196187198162,LOS,
73,26.0,0,-3960222.9539881647,28,27,28,37,4,0.1680000000014843,18515.744544044137,1.1720252950908596E-4,1.8189894E-12,0.0,319.8418510518968,-3.7239357605576515,80.76223224028945,NLOS,
74,48.0,0,-3984309.9557463937,39,38,39,46,10,0.027999999998428393,18462.307753421366,3.671670128824168E-5,1.8189894E-12,0.0,266.4050604328513,7.35932744666934,38.71971397846937,LOS,
75,32.0,0,-4136460.1034744643,27,26,27,29,7,-0.04500000000189175,17649.076565090567,-4.70770177344093E-4,-9.094947E-13,0.0,546.8269458785653,0.7687651067972183,48.128694113343954,LOS,
76,27.0,0,-3997173.127871815,20,19,20,30,0,0.4739999999983411,18299.791032508016,-6.3793195295149665E-6,1.8189894E-12,0.0,103.88833951950073,-9.882640611380339,-17.970171574503183,NLOS,
23,40.0,2,-4021378.616620425,49,48,48,50,26,0.10599999999976717,17793.714204560965,-8.684645355666988E-5,5.509627E-13,0.0,402.10004534572363,0.41925936937332153,64.07867882028222,LOS,
31,40.0,0,-3898131.2363843806,26,25,26,41,0,0.16600000000107684,18326.37171331793,3.2391646695961826E-4,-1.5565847E-12,0.0,137.318161893636,12.844071961939335,-39.67596038803458,NLOS,
1,78.0,2,-4016287.7934277207,43,42,43,43,19,0.1760000000031141,18124.886690784246,-9.345356616119282E-6,9.4686477E-13,0.0,71.51123053207994,-0.43834468722343445,10.99701239168644,LOS,
3,47.0,2,-3955540.2523085177,36,35,36,37,7,0.07600000000093132,17905.612646743655,1.936000396395803E-4,2.1949524E-11,0.0,298.25239005312324,-2.6881909295916557,104.95507646724582,NLOS,
4,64.0,2,-4015489.128660623,48,47,48,49,42,0.15499999999883585,18552.007216341794,-6.773065306266321E-6,2.1805415E-13,0.0,355.5104048103094,-0.4450637400150299,-16.514220234006643,LOS,
8,44.0,2,-4008883.7027210556,41,40,41,49,38,0.15300000000206637,17887.512382816523,1.71590960761331E-5,4.6850583E-12,0.0,308.9442526139319,-0.46225763484835625,552.7413262799382,NLOS,
9,9.0,2,-4037066.9055810943,45,44,45,47,42,0.0959999999977299,17618.396044824272,-7.840098188263974E-5,-1.1732962E-11,0.0,578.0987748466432,-0.5057476237416267,87.75352838635445,LOS,
73,26.0,0,-3978388.8609030247,28,27,28,37,4,0.24100000000180444,18519.854117635638,1.1720253132807542E-4,1.8189894E-12,0.0,323.35183972865343,3.5099886767566204,50.166869193315506,NLOS,
74,48.0,0,-4002510.17340973,38,37,39,46,10,0.5060000000012224,18464.140196807683,3.671670310723115E-5,1.8189894E-12,0.0,267.6379189006984,1.2328584678471088,42.43509940803051,LOS,
75,32.0,0,-4154654.112699203,27,26,27,29,7,0.1900000000023283,17646.267494365573,-4.7077017825358775E-4,-9.094947E-13,0.0,550.2356015220284,-3.4086556434631348,45.634822964668274,LOS,
76,27.0,0,-4015369.6166574396,24,20,20,30,0,-0.03499999999985448,18291.830022137612,-6.3793177105255045E-6,1.8189894E-12,0.0,95.32774423062801,-8.560595288872719,-17.983663856983185,NLOS,
23,40.0,2,-4039574.944282204,49,48,49,50,26,0.12099999999918509,17793.82467797771,-8.684645300570715E-5,5.509627E-13,0.0,402.5915725454688,-0.4915271997451782,63.90368254482746,LOS,
31,40.0,0,-3916337.8683179542,26,25,26,41,0,-0.006000000001222361,18326.3559547849,3.239164654030334E-4,-1.5565847E-12,0.0,140.1278950497508,2.8097331561148167,-29.547316696494818,NLOS,
1,78.0,2,-4034484.058791358,43,42,43,43,19,0.030999999999039574,18124.927968565375,-9.34535566925449E-6,9.4686477E-13,0.0,71.18539774790406,0.3258327841758728,11.059629123657942,LOS,
3,47.0,2,-3973731.0170171335,35,34,36,37,7,-0.03900000000066939,17905.583304665983,1.9360006158910344E-4,2.1949524E-11,0.0,296.01760932430625,2.234780728816986,99.52333461865783,NLOS,
4,64.0,2,-4033685.311037779,48,47,48,49,42,0.01900000000023283,18552.03461677581,-6.773065088212183E-6,2.1805415E-13,0.0,355.8467029668391,0.336298156529665,-16.534808475524187,LOS,
8,44.0,2,-4027079.775518667,41,40,41,49,38,0.005999999997584382,17887.52750499919,1.7159100761191294E-5,4.6850583E-12,0.0,308.641230635345,0.30302197858691216,552.6124976687133,NLOS,
9,9.0,2,-4055263.078235548,45,44,45,47,42,-0.052999999999883585,17618.353572946042,-7.840099361560097E-5,-1.1732962E-11,0.0,577.8501879349351,0.24858691170811653,87.71963462233543,LOS,
73,26.0,0,-3996585.493050888,28,27,28,37,4,-0.7840000000032887,18550.58200180903,1.1720253314706477E-4,1.8189894E-12,0.0,354.3795163631439,31.02767663449049,50.596531610935926,NLOS,
74,48.0,0,-4020702.9875859506,38,37,39,46,10,-0.1860000000015134,18456.88983924687,3.67167049262205E-5,1.8189894E-12,0.0,260.68735379725695,-6.950565103441477,39.046790178865194,LOS,
75,32.0,0,-4172850.089946311,27,26,27,29,7,-0.5940000000009604,17648.335810370743,-4.707701791630824E-4,-9.094947E-13,0.0,547.8674930557609,2.3681084662675858,45.40876664593816,LOS,
76,27.0,0,-4033565.694444239,26,25,24,30,0,0.3149999999986903,18291.576212890446,-6.379315891536154E-6,1.8189894E-12,0.0,95.37372744083405,0.0459832102060318,-18.10836250707507,NLOS,
23,40.0,2,-4057771.193537388,49,48,49,50,26,-0.023000000001047738,17793.811330586672,-8.684645245474446E-5,5.509627E-13,0.0,402.3097730539739,0.281799491494894,63.95007213577628,LOS,
31,40.0,0,-3934535.350361403,26,25,26,41,0,0.09999999999854481,18326.464968059212,3.239164638464487E-4,-1.5565847E-12,0.0,131.40316290780902,-8.724732141941786,-28.268770664930344,NLOS,
1,78.0,2,-4052680.1939485036,43,42,43,43,19,0.024000000001251465,18124.941581439227,-9.34535472238964E-6,9.4686477E-13,0.0,71.20300303772092,-0.017605289816856384,10.992039363831282,LOS,
3,47.0,2,-3991922.9127791114,35,34,36,37,7,-0.08399999999892316,17905.491508286446,1.936000835386279E-4,2.1949524E-11,0.0,294.86383701860905,1.1537723056972027,95.22264612838626,NLOS,
4,64.0,2,-4051881.3995125107,48,47,48,49,42,0.012000000002444722,18552.03723783046,-6.773064870158031E-6,2.1805415E-13,0.0,355.8517397157848,0.005036748945713043,-16.649299141019583,LOS,
8,44.0,2,-4045275.7498268746,41,40,41,49,38,0.005000000001018634,17887.52455725521,1.7159105446249774E-5,4.6850583E-12,0.0,308.6490097492933,-0.007779113948345184,552.3851796537638,NLOS,
9,9.0,2,-4073459.163837146,45,44,45,47,42,-0.046999999998661224,17618.29641477391,-7.840100534856291E-5,-1.1732962E-11,0.0,577.9032580032945,-0.053070068359375,87.59868799895048,LOS,
73,26.0,0,-4014785.279236585,28,27,28,37,4,0.6860000000015134,18553.74279164523,1.1720253496605422E-4,1.8189894E-12,0.0,357.5403061956167,3.160789832472801,54.18023185804486,NLOS,
74,48.0,0,-4038898.21667869,38,37,38,46,10,0.25600000000122236,18459.459495645016,3.671670674520996E-5,1.8189894E-12,0.0,263.2570101954043,2.5696563981473446,38.07339746877551,LOS,
75,32.0,0,-4191045.1187379397,27,27,27,29,7,0.7619999999988067,17647.48513492942,-4.7077018007257715E-4,-9.094947E-13,0.0,548.7181684970856,-0.8506754413247108,44.234254848212004,LOS,
76,27.0,0,-4051763.245914366,27,26,26,30,0,0.46600000000034925,18293.207098010927,-6.379314072546692E-6,1.8189894E-12,0.0,97.0046125613153,1.6308851204812527,-16.75937782973051,NLOS,
23,40.0,2,-4075967.3530340195,49,48,49,50,26,-0.027999999998428393,17793.77394772321,-8.684645190378174E-5,5.509627E-13,0.0,402.33916553482413,-0.029392480850219727,63.90670317411423,LOS,
31,40.0,0,-3952739.537043426,32,31,26,41,0,-0.15499999999883585,18326.30204900354,3.239164627294118E-4,-1.5366935E-12,0.0,138.28081113100052,6.8776482231915,-20.28545429185033,NLOS,
1,78.0,2,-4070876.339940034,43,42,43,43,19,0.12299999999959255,18125.073208265007,-9.345353775524847E-6,9.4686477E-13,0.0,71.07955238595605,0.12345065176486969,10.935283988714218,LOS,
3,47.0,2,-4010114.86574604,35,34,35,37,7,0.046999999998661224,17905.546757660806,1.9360010548815105E-4,2.1949524E-11,0.0,294.78387323766947,0.07996378093957901,90.97916259244084,NLOS,
4,64.0,2,-4070077.5038694814,48,47,48,49,42,0.1069999999999709,18552.15423392132,-6.773064652103893E-6,2.1805415E-13,0.0,355.96650595963,0.11476624384522438,-16.747907564044,LOS,
8,44.0,2,-4063471.735025745,41,40,41,49,38,0.09999999999854481,17887.634013414383,1.715911013130797E-5,4.6850583E-12,0.0,308.5473581403494,0.10165160894393921,552.1687523014843,NLOS,
9,9.0,2,-4091655.258332126,45,44,45,47,42,0.029999999998835847,17618.336952451617,-7.840101708152415E-5,-1.1732962E-11,0.0,577.8603046312928,0.04295337200164795,87.48663475736976,LOS,
73,26.0,0,-4032977.932546612,27,27,28,37,4,-0.375,18546.61451907456,1.1720253678504359E-4,1.8189894E-12,0.0,350.41203362494707,-7.128272570669651,50.63105643540621,NLOS,
74,48.0,0,-4057093.9934842065,37,33,38,46,10,-0.1430000000000291,18460.1610904634,3.671670856419931E-5,1.8189894E-12,0.0,263.95860501751304,0.7015948221087456,37.64771753922105,LOS,
75,32.0,0,-4209238.058579337,28,27,27,29,7,-0.07599999999729334,17645.495269030333,-4.707701809820718E-4,-9.094947E-13,0.0,550.7080343998969,-1.9898659028112888,40.970792815089226,LOS,
76,27.0,0,-4069956.08774253,27,26,27,30,0,-0.30199999999967986,18288.654646620154,-6.37931225355734E-6,1.8189894E-12,0.0,92.45216117426753,-4.552451387047768,-20.120035111904144,NLOS,
23,40.0,2,-4094163.5413024686,49,48,49,50,26,0.07099999999991269,17793.85421713814,-8.684645135281905E-5,5.509627E-13,0.0,402.24997663125396,0.08918890357017517,63.89210603013635,LOS,
31,40.0,0,-3970937.026189316,32,31,32,41,0,0.14500000000043656,18326.454881664366,3.2391646119271834E-4,-1.5366935E-12,0.0,131.66382555663586,-6.616985574364662,-18.999799858778715,NLOS,
1,78.0,2,-4089072.6026724987,43,42,43,43,19,0.2459999999991851,18125.310739390552,-9.345352828659997E-6,9.4686477E-13,0.0,70.85019747540355,0.22935491055250168,10.995269548147917,LOS,
3,47.0,2,-4028307.07955369,35,34,35,37,7,0.16200000000026193,17905.69950704649,1.9360012743767555E-4,2.1949524E-11,0.0,294.50030479207635,0.28356844559311867,86.99651977419853,NLOS,
4,64.0,2,-4088273.7343785465,48,47,48,49,42,0.2429999999985739,18552.386548880488,-6.773064434049741E-6,2.1805415E-13,0.0,356.19157383590937,0.2250678762793541,-16.72036389634013,LOS,
8,44.0,2,-4081667.8496190235,41,40,41,49,38,0.22800000000279397,17887.85265752673,1.7159114816366453E-5,4.6850583E-12,0.0,308.3272274583578,0.22013068199157715,552.0817193575203,NLOS,
9,9.0,2,-4109851.479843151,44,43,45,47,42,0.18500000000130967,17618.51171543449,-7.84010288144861E-5,-1.1732962E-11,0.0,577.6992925405502,0.16101209074258804,87.50159755721688,LOS,
73,26.0,0,-4051171.342631515,27,26,28,37,4,0.7069999999985157,18547.37594276294,1.1720253860403304E-4,1.8189894E-12,0.0,351.173457313329,0.7614236883819103,47.83865588903427,NLOS,
74,48.0,0,-4075287.7864184454,33,32,38,46,10,0.4279999999998836,18458.331116966903,3.6716710383188775E-5,1.8189894E-12,0.0,262.12863151729107,-1.8299735002219677,35.23816632851958,LOS,
75,32.0,0,-4227430.960469205,28,27,28,29,7,0.27699999999822467,17645.55636510998,-4.7077018189156655E-4,-9.094947E-13,0.0,550.646938316524,0.061096083372831345,37.66937925666571,LOS,
76,27.0,0,-4088150.489415951,28,27,27,30,0,0.48800000000119326,18290.371694605798,-6.379310434567878E-6,1.8189894E-12,0.0,94.16920915618539,1.7170479819178581,-21.92084714025259,NLOS,
23,40.0,2,-4112359.8489981852,49,48,49,50,26,0.19099999999889405,17794.036987401545,-8.684645080185634E-5,5.509627E-13,0.0,402.07017953693867,0.17979709431529045,63.99693615362048,LOS,
31,40.0,2,-3989132.8180680126,32,32,32,41,0,0.26900000000023283,18326.715665586293,3.239164596560249E-4,-1.5366935E-12,0.0,130.09202988818288,-1.5717956684529781,-19.411412619054317,NLOS,
1,78.0,2,-4107268.702932913,43,42,43,43,19,-0.06300000000192085,18125.256808232516,-9.345351881795204E-6,9.4686477E-13,0.0,70.90004053339362,-0.04984305799007416,10.892783056944609,LOS,
3,47.0,2,-4046499.517490875,35,34,35,37,7,-0.16599999999743886,17905.542054321617,1.936001493871987E-4,2.1949524E-11,0.0,294.25340762734413,0.2468971647322178,83.23800649493933,NLOS,
4,64.0,2,-4106469.798115872,48,47,48,49,42,-0.08399999999892316,18552.313434652984,-6.773064215995603E-6,2.1805415E-13,0.0,356.1236626319587,-0.06791120395064354,-16.859591968357563,LOS,
8,44.0,2,-4099863.788589217,41,40,41,49,38,-0.08500000000276486,17887.777112465352,1.7159119501424648E-5,4.6850583E-12,0.0,308.4120636433363,-0.08483618497848511,551.8190633282065,NLOS,
9,9.0,2,-4128047.538943913,44,43,45,47,42,-0.13400000000183354,17618.387466534972,-7.840104054744733E-5,-1.1732962E-11,0.0,577.8276295214891,-0.12833698093891144,87.35415010154247,LOS,
73,26.0,0,-4069355.1075458415,27,26,27,37,4,-0.8029999999998836,18537.73538022116,1.172025404230224E-4,1.8189894E-12,0.0,341.5328947715461,-9.640562541782856,35.40108476579189,NLOS,
74,48.0,0,-4093487.981843598,33,32,37,46,10,0.18800000000192085,18464.88745675236,3.6716712202178125E-5,1.8189894E-12,0.0,268.6849713027477,6.556339785456657,39.23110603168607,LOS,
75,32.0,0,-4245622.5105584115,27,26,28,29,7,-0.25,17644.30370906368,-4.707701828010612E-4,-9.094947E-13,0.0,551.8995943628252,-1.2526560463011265,33.01616503670812,LOS,
76,27.0,0,-4106347.4602652155,28,27,28,30,0,0.36300000000119326,18293.098061878234,-6.379308615578528E-6,1.8189894E-12,0.0,96.89557642862201,2.726367272436619,-21.152483325451612,NLOS,
23,40.0,2,-4130556.0172716305,49,48,49,50,26,-0.10399999999935972,17793.942934338003,-8.684645025089365E-5,5.509627E-13,0.0,402.14918095991015,-0.07900142297148705,63.962344005703926,LOS,
31,40.0,2,-4007328.5066801757,33,32,32,41,0,-0.046000000002095476,18326.677271004766,3.239164581193314E-4,-1.5366935E-12,0.0,130.11421339958906,0.022183511406183243,-19.926291912794113,NLOS,
1,78.0,2,-4125464.7323699556,43,42,43,43,19,0.028000000002066372,18125.276126962155,-9.345350934930354E-6,9.4686477E-13,0.0,70.85823726654053,0.0418032668530941,10.719473198056221,LOS,
3,47.0,2,-4064691.9495833814,35,34,35,37,7,-0.05500000000029104,17905.47904214263,1.936001713367232E-4,2.1949524E-11,0.0,294.2365161180496,0.016891509294509888,79.47364853322506,NLOS,
4,64.0,2,-4124665.753735561,48,47,48,49,42,0.006999999997788109,18552.31127097085,-6.773063997941451E-6,2.1805415E-13,0.0,356.1144377067685,-0.009224925190210342,-17.106937676668167,LOS,
8,44.0,2,-4118059.5926924683,41,40,41,49,38,0.0030000000006111804,17887.771101005375,1.7159124186483128E-5,4.6850583E-12,0.0,308.4561687260866,-0.044105082750320435,551.4215403571725,NLOS,
9,9.0,2,-4146243.489606213,44,43,44,47,42,-0.06899999999950523,17618.308762811124,-7.840105228040927E-5,-1.1732962E-11,0.0,577.9020593389869,-0.07442981749773026,87.09826417639852,LOS,
73,26.0,0,-4087533.367835574,27,22,27,37,4,0.2400000000016007,18532.235409807414,1.1720254224201185E-4,1.8189894E-12,0.0,336.03292436152697,-5.499970410019159,17.458889052271843,NLOS,
74,48.0,0,-4111698.870492723,33,32,33,46,10,-0.4790000000029977,18475.734545636922,3.671671402116759E-5,1.8189894E-12,0.0,279.53206018731,10.847088884562254,53.917269706726074,LOS,
75,32.0,0,-4263815.928233348,27,26,28,29,7,0.35900000000037835,17646.270402021706,-4.7077018371055596E-4,-9.094947E-13,0.0,549.9329014085233,1.966692954301834,30.23053654283285,LOS,
76,27.0,0,-4124540.1281006187,28,27,28,30,0,-0.19100000000253203,18288.952251743525,-6.379306796589066E-6,1.8189894E-12,0.0,92.74976629391313,-4.145810134708881,-24.687133371829987,NLOS,
23,40.0,2,-4148752.078531768,49,48,49,50,26,-0.037000000000261934,17793.8962941505,-8.684644969993093E-5,5.509627E-13,0.0,402.19582115113735,-0.04664019122719765,63.820738550275564,LOS,
31,40.0,2,-4025524.4015865214,34,33,33,41,0,0.037000000000261934,18326.704834681004,3.239164565826379E-4,-1.5366935E-12,0.0,130.44596819207072,0.33175479248166084,-20.23487702384591,NLOS,
1,78.0,2,-4143660.8577593043,43,42,43,43,19,0.18100000000049477,18125.465952795,-9.345349988065562E-6,9.4686477E-13,0.0,70.6496433801949,0.20859388634562492,10.642115641385317,LOS,
3,47.0,2,-4082885.2575437427,35,34,35,37,7,0.09000000000014552,17905.578463055193,1.9360019328624635E-4,2.1949524E-11,0.0,293.3378722704947,0.8986438475549221,76.58515843003988,NLOS,
4,64.0,2,-4142861.799396336,48,48,48,49,42,0.18000000000029104,18552.499963723123,-6.773063779887313E-6,2.1805415E-13,0.0,356.30331629514694,0.1888785883784294,-17.26424229890108,LOS,
8,44.0,2,-4136255.4775001854,41,40,41,49,38,0.16600000000107684,17887.94540514797,1.7159128871541327E-5,4.6850583E-12,0.0,308.2846519164741,0.1715168096125126,551.1047218516469,NLOS,
9,9.0,2,-4164439.5241828077,44,43,44,47,42,0.11700000000200816,17618.436611380428,-7.840106401337053E-5,-1.1732962E-11,0.0,577.7840593643486,0.11799997463822365,86.92629255354404,LOS,
73,26.0,0,-4105701.7796152346,24,23,27,37,4,-0.6280000000006112,18522.39151320979,1.1720254406100121E-4,1.8189894E-12,0.0,326.18902776017785,-9.843896601349115,-10.331816736608744,NLOS,
74,48.0,0,-4129919.063090075,32,21,33,46,10,0.05700000000069849,18485.192309878767,3.671671584015694E-5,1.8189894E-12,0.0,288.9898244328797,9.457764245569706,77.90738161280751,LOS,
75,32.0,0,-4282005.205317408,27,21,27,29,7,-0.22599999999874854,17642.229015164077,-4.707701846200506E-4,-9.094947E-13,0.0,553.9742882624269,-4.041386853903532,23.30431717634201,LOS,
76,27.0,0,-4142739.0095734783,29,28,28,30,0,0.6389999999992142,18295.323081590235,-6.379304977599714E-6,1.8189894E-12,0.0,99.12059614062309,6.370829846709967,-22.008145961910486,NLOS,
23,40.0,2,-4166948.2133241743,49,48,49,50,26,0.13300000000162981,17794.038984052837,-8.684644914896824E-5,5.509627E-13,0.0,402.0618649199605,0.13395623117685318,63.75266535952687,LOS,
31,40.0,2,-4043720.1993400976,34,33,34,41,0,0.19100000000253203,18326.906307421625,3.239164550459445E-4,-1.5366935E-12,0.0,130.4742545299232,0.028286337852478027,-20.64061490446329,NLOS,
1,78.0,2,-4161857.0453374833,43,43,43,43,19,0.18799999999828287,18125.64375411719,-9.345349041200712E-6,9.4686477E-13,0.0,70.47481521964073,0.1748281605541706,10.626946914941072,LOS,
3,47.0,2,-4101079.6525291055,35,34,35,37,7,0.09999999999854481,17905.668067239225,1.9360021523577085E-4,2.1949524E-11,0.0,292.228102222085,1.1097700484097004,74.7836933284998,NLOS,
4,64.0,2,-4161057.902492944,49,48,48,49,42,0.1680000000014843,18552.65887016058,-6.773063561833162E-6,2.1805415E-13,0.0,356.45962120592594,0.15630491077899933,-17.364111088216305,LOS,
8,44.0,2,-4154451.4165480062,41,40,41,49,38,0.1569999999992433,17888.093963705003,1.715913355659981E-5,4.6850583E-12,0.0,308.13962400332093,0.14502791315317154,550.8421434499323,NLOS,
9,9.0,2,-4182635.602142688,44,43,44,47,42,0.09799999999813735,17618.52330780402,-7.840107574633248E-5,-1.1732962E-11,0.0,577.7066540829837,0.07740528136491776,86.79770421236753,LOS,
73,26.0,0,-4123886.903811112,26,25,27,37,4,0.8410000000003492,18539.108588427305,1.1720254587999067E-4,1.8189894E-12,0.0,342.9061029776931,16.71707521751523,-21.41010630875826,NLOS,
74,48.0,0,-4148163.552305378,28,27,33,46,10,0.2809999999990396,18509.64275943488,3.67167176591464E-5,1.8189894E-12,0.0,313.4402739852667,24.450449552387,126.19411146640778,LOS,
75,32.0,0,-4300196.049499366,23,22,27,29,7,0.2599999999983993,17643.895280629396,-4.7077018552954536E-4,-9.094947E-13,0.0,552.3080227971077,1.6662654653191566,17.945195708423853,LOS,
76,27.0,0,-4160934.168881979,29,28,29,30,0,-0.15899999999965075,18291.758121762425,-6.3793031586102515E-6,1.8189894E-12,0.0,95.55563631653786,-3.5649598240852356,-23.051322907209396,NLOS,
23,40.0,2,-4185144.418564737,48,47,49,50,26,0.1389999999992142,17794.1677650474,-8.68464485980055E-5,5.509627E-13,0.0,401.93103986606,0.13082505390048027,63.75504032894969,LOS,
31,40.0,2,-4061915.2562735677,34,33,34,41,0,0.20899999999892316,18327.105395935476,3.23916453509251E-4,-1.5366935E-12,0.0,129.85888389125466,-0.6153706386685371,-21.78717289119959,NLOS,
1,78.0,2,-4180053.4149971195,44,43,43,44,19,0.26000000000203727,18125.91321792081,-9.34534809433592E-6,9.4686477E-13,0.0,70.18007953837514,0.2947356812655926,10.793859645724297,LOS,
3,47.0,2,-4119274.079090014,35,34,35,37,7,0.15999999999985448,17905.837265871465,1.93600237185294E-4,2.1949524E-11,0.0,292.17374190315604,0.054360318928956985,73.01380376890302,NLOS,
4,64.0,2,-4179254.1580764055,49,48,49,49,42,0.2459999999991851,18552.9138873294,-6.773063343779023E-6,2.1805415E-13,0.0,356.7109219506383,0.25130074471235275,-17.311493024230003,LOS,
8,44.0,2,-4172647.523173034,41,40,41,49,38,0.24799999999959255,17888.350706651807,1.7159138241658006E-5,4.6850583E-12,0.0,307.88120863586664,0.2584153674542904,550.7471422553062,NLOS,
9,9.0,2,-4200831.82445588,44,43,44,47,42,0.1820000000006985,17618.714581731707,-7.840108747929372E-5,-1.1732962E-11,0.0,577.5282019227743,0.17845216020941734,86.81346917897463,LOS,
73,26.0,0,-4142078.597901307,26,25,26,37,4,-0.30600000000049477,18545.683101132512,1.1720254769898002E-4,1.8189894E-12,0.0,349.48061568662524,6.574512708932161,-25.918501559644938,NLOS,
74,48.0,0,-4166382.4129052237,28,28,32,46,10,0.7110000000029686,18484.16792666912,3.671671947813575E-5,1.8189894E-12,0.0,287.96544121950865,-25.474832765758038,148.85222586244345,LOS,
75,32.0,0,-4318386.979746949,23,22,27,29,7,0.5370000000002619,17644.08061040938,-4.7077018643904E-4,-9.094947E-13,0.0,552.1226930171251,0.18532977998256683,12.67213986441493,LOS,
76,27.0,0,-4179130.667388525,29,28,29,30,0,0.14900000000125146,18293.25451298803,-6.3793013396209005E-6,1.8189894E-12,0.0,97.05202753841877,1.4963912218809128,-22.75530181080103,NLOS,
23,40.0,2,-4203340.777268648,48,47,49,50,26,0.2029999999977008,17794.38035524264,-8.684644804704283E-5,5.509627E-13,0.0,401.7171489074826,0.21389095857739449,63.91087864711881,LOS,
31,40.0,2,-4080110.3928792737,35,34,34,41,0,0.25200000000040745,18327.367543548346,3.2391645197255757E-4,-1.5366935E-12,0.0,130.06398406624794,0.2051001749932766,-22.854058641940355,NLOS,
1,78.0,2,-4198249.970482931,44,43,44,44,19,0.29499999999825377,18126.200175072998,-9.345347147471069E-6,9.4686477E-13,0.0,70.1813938729465,-0.0013143345713615417,10.846806094050407,LOS,
3,47.0,2,-4137468.55551837,35,34,35,37,7,0.20899999999892316,17906.036989741027,1.9360025913481846E-4,2.1949524E-11,0.0,292.4009131975472,-0.22717129439115524,70.99398919939995,NLOS,
4,64.0,2,-4197450.587899137,49,48,49,49,42,0.2849999999998545,18553.189945381135,-6.773063125724872E-6,2.1805415E-13,0.0,356.68421437218785,-0.02670757845044136,-17.384428147226572,LOS,
8,44.0,2,-4190843.799297314,41,40,41,49,38,0.2649999999994179,17888.60674548149,1.7159142926716482E-5,4.6850583E-12,0.0,307.9206883534789,-0.03947971761226654,550.5218478552997,NLOS,
9,9.0,2,-4219028.22022992,44,43,44,47,42,0.2220000000015716,17618.92765219882,-7.840109921225565E-5,-1.1732962E-11,0.0,577.6204985901713,-0.09229666739702225,86.70290254428983,LOS,
73,26.0,0,-4160272.0392709896,27,26,26,37,4,0.1790000000000873,18547.435044653714,1.1720254951796948E-4,1.8189894E-12,0.0,350.9327667467296,1.4521510601043701,-28.979409784078598,NLOS,
74,48.0,0,-4184587.768259432,28,28,28,46,10,0.8459999999977299,18470.816479422152,3.671672129712521E-5,1.8189894E-12,0.0,274.31420151516795,-13.651239704340696,157.70530216395855,LOS,
75,32.0,0,-4336590.502420329,23,22,23,29,7,0.5839999999989232,17656.772263675928,-4.7077018734853476E-4,-9.094947E-13,0.0,539.7308322116733,12.39186080545187,19.691717356443405,LOS,
76,27.0,0,-4197327.29334357,29,28,29,30,0,0.6790000000000873,18293.53916684538,-6.37929952063144E-6,1.8189894E-12,0.0,97.03688893839717,-0.015138600021600723,-22.631624672561884,NLOS,
23,40.0,2,-4221537.291158363,48,47,48,50,26,0.2400000000016007,17794.610601387918,-8.684644749608011E-5,5.509627E-13,0.0,401.8013752140105,-0.08422630652785301,63.92211031168699,LOS,
31,40.0,2,-4098305.9058194123,35,34,35,41,0,0.3220000000001164,18327.68052086979,3.2391645043586406E-4,-1.5366935E-12,0.0,130.26596439257264,0.2019803263247013,-23.84440241754055,NLOS,
1,78.0,2,-4216446.359152582,44,43,44,44,19,-0.06699999999909778,18126.142680931836,-9.345346200606278E-6,9.4686477E-13,0.0,70.23554322496057,-0.05414935201406479,10.732936382293701,LOS,
3,47.0,2,-4155662.943896055,35,34,35,37,7,-0.15199999999822467,17905.894987866282,1.9360028108434158E-4,2.1949524E-11,0.0,292.46617034077644,-0.06525714322924614,68.88612395897508,NLOS,
4,64.0,2,-4215646.85638462,49,48,49,49,42,-0.07800000000133878,18553.12108040601,-6.773062907670733E-6,2.1805415E-13,0.0,356.6216673590243,-0.06254701316356659,-17.61870051920414,LOS,
8,44.0,2,-4209039.912845392,41,40,41,49,38,-0.07599999999729334,17888.540050394833,1.7159147611774674E-5,4.6850583E-12,0.0,307.9924006611109,-0.07171230763196945,550.1339772492647,NLOS,
9,9.0,2,-4237224.451646179,44,43,44,47,42,-0.14400000000023283,17618.79305671528,-7.840111095973378E-5,-1.1733463E-11,0.0,577.7487804628909,-0.1282818727195263,86.42797376960516,LOS,
73,26.0,0,-4178466.952554621,32,27,27,37,4,0.08399999999892316,18548.911581888795,1.1720255133695883E-4,1.8189894E-12,0.0,352.4093039818108,1.4765372350811958,-30.56840405985713,NLOS,
74,48.0,0,-4202787.670741174,28,28,28,46,10,-0.6509999999980209,18465.517356265336,3.671672311611456E-5,1.8189894E-12,0.0,269.0150783583522,-5.299123156815767,161.1055059991777,LOS,
75,32.0,0,-4354779.658977672,23,22,23,29,7,-0.9159999999974389,17642.50547184795,-4.707701882580294E-4,-9.094947E-13,0.0,553.99762403965,-14.266791827976704,12.345178812742233,LOS,
76,27.0,0,-4215523.946470164,29,28,29,30,0,-0.5930000000007567,18293.723532304168,-6.379297701642091E-6,1.8189894E-12,0.0,97.22125439718366,0.18436545878648758,-22.480775985866785,NLOS,
23,40.0,2,-4239733.604981914,47,47,48,50,26,-0.10499999999956344,17794.514448884875,-8.684644694511742E-5,5.509627E-13,0.0,401.94101022183895,-0.13963500782847404,63.733275812119246,LOS,
31,40.0,2,-4116501.223785281,35,34,35,41,0,-0.0470000000022992,18327.64348224923,3.2391644889917065E-4,-1.5366935E-12,0.0,130.19640685245395,-0.0695575401186943,-25.029720466583967,NLOS,
1,78.0,2,-4234642.897858389,44,43,44,44,19,0.2559999999975844,18126.398696124554,-9.345345253741486E-6,9.4686477E-13,0.0,69.67304592952132,0.5624972954392433,11.068895284086466,LOS,
3,47.0,2,-4173857.65039967,35,34,35,37,7,0.15399999999863212,17906.049699198455,1.9360030303386473E-4,2.1949524E-11,0.0,291.82547226920724,0.6406980715692043,67.39617710933089,NLOS,
4,64.0,2,-4233843.261176169,49,48,49,49,42,0.23300000000017462,18553.35395738855,-6.773062689616596E-6,2.1805415E-13,0.0,357.1565666720271,0.5348993130028248,-17.41687436774373,LOS,
8,44.0,2,-4227236.1854451485,41,40,41,49,38,0.2209999999977299,17888.7604136914,1.7159152296832866E-5,4.6850583E-12,0.0,307.44269909337163,0.5497015677392483,550.2049507834017,NLOS,
9,9.0,2,-4255420.822116911,44,43,44,47,42,0.16799999999784632,17618.96050810814,-7.840112269319642E-5,-1.1733463E-11,0.0,577.2776301205158,0.47115034237504005,86.59189613163471,LOS,
73,26.0,0,-4196665.440930631,32,31,32,37,4,0.272000000000844,18552.491322223097,1.1720255315594818E-4,1.8189894E-12,0.0,356.28883677348495,3.879532791674137,-28.28251349925995,NLOS,
74,48.0,0,-4220986.828406107,28,27,28,46,10,-0.21900000000096043,18464.926288709044,3.671672493510391E-5,1.8189894E-12,0.0,268.7238032631576,-0.29127509519457817,164.06068548560143,LOS,
75,32.0,0,-4372977.233287454,23,22,23,29,7,0.5929999999971187,17651.022544160485,-4.707701891675241E-4,-9.094947E-13,0.0,545.1807592660189,8.816864773631096,13.716185167431831,LOS,
76,27.0,0,-4233722.908144131,29,28,29,30,0,0.6229999999995925,18296.189280040562,-6.379295882652741E-6,1.8189894E-12,0.0,99.98679459095001,2.7655401937663555,-19.72158746793866,NLOS,
23,40.0,2,-4257930.030415319,47,46,48,50,26,0.18699999999807915,17794.70151804015,-8.684644639415472E-5,5.509627E-13,0.0,401.4692002236843,0.4718099981546402,63.95584362372756,LOS,
31,40.0,2,-4134696.5368546806,35,34,35,41,0,0.24600000000282307,18327.88869190216,3.2391644736247724E-4,-1.5366935E-12,0.0,130.61672220006585,0.42031534761190414,-25.920142523944378,NLOS,
1,78.0,2,-4252839.382041302,44,43,44,44,19,0.0610000000015134,18126.44959698245,-9.345344306876637E-6,9.4686477E-13,0.0,69.91469053551555,-0.24164460599422455,11.050538834184408,LOS,
3,47.0,2,-4192052.596820593,35,34,35,37,7,-0.01599999999962165,17906.023615002632,1.9360032498338917E-4,2.1949524E-11,0.0,291.8625808469951,-0.03710857778787613,65.84635510668159,NLOS,
4,64.0,2,-4252039.60391387,49,48,49,49,42,0.05199999999967986,18553.397403612733,-6.773062471562444E-6,2.1805415E-13,0.0,356.8935308009386,-0.2630358710885048,-17.576894521713257,LOS,
8,44.0,2,-4245432.42736977,41,40,41,49,38,0.0470000000022992,17888.79736252129,1.7159156981891343E-5,4.6850583E-12,0.0,307.6823149397969,-0.23961584642529488,549.9454567246139,NLOS,
9,9.0,2,-4273617.13918712,44,43,44,47,42,-0.011999999998806743,17618.93913011253,-7.84011344266598E-5,-1.1733463E-11,0.0,577.59675655514,-0.3191264346241951,86.40262550860643,LOS,
73,26.0,0,-4214861.901901316,30,29,32,37,4,-0.6820000000006985,18550.468588598073,1.1720255497493764E-4,1.8189894E-12,0.0,353.96631069108844,-2.3225260823965073,-28.32382072135806,NLOS,
74,48.0,0,-4239178.094925325,27,20,28,46,10,0.6100000000005821,18457.188891541213,3.671672675409337E-5,1.8189894E-12,0.0,260.6866136342287,-8.0371896289289,158.82492679730058,LOS,
75,32.0,0,-4391177.408295244,23,22,23,29,7,-0.21799999999711872,17653.722559146583,-4.707701900770188E-4,-9.094947E-13,0.0,542.780536737293,2.4002225287258625,17.388097073882818,LOS,
76,27.0,0,-4251922.380039901,28,23,29,30,0,-0.4059999999990396,18296.856708418578,-6.37929406366328E-6,1.8189894E-12,0.0,100.35443051159382,0.36763592064380646,-16.75196960568428,NLOS,
23,40.0,2,-4276126.400544748,47,46,47,50,26,0.020000000000436557,17794.713103134185,-8.684644584319201E-5,5.509627E-13,0.0,401.7639114111662,-0.2947111874818802,63.82331499829888,LOS,
31,40.0,2,-4152891.8903115317,36,35,35,41,0,0.09399999999732245,18327.974039983004,3.2391644582578373E-4,-1.5366935E-12,0.0,130.48273885250092,-0.13398334756493568,-27.069969587028027,NLOS,
1,78.0,2,-4271035.442660969,44,44,44,44,19,-0.30099999999947613,18126.158602181822,-9.345343360011846E-6,9.4686477E-13,0.0,69.92577582970262,-0.01108529418706894,10.908411595970392,LOS,
3,47.0,2,-4210247.4193327725,35,35,35,37,7,-0.3999999999978172,17905.633744053543,1.9360034693291232E-4,2.1949524E-11,0.0,291.66389092803,0.19868991896510124,64.47241682186723,NLOS,
4,64.0,2,-4270235.539336957,49,48,49,49,42,-0.3139999999984866,18553.09256060049,-6.773062253508306E-6,2.1805415E-13,0.0,356.88476383313537,-0.008766967803239822,-17.844436831772327,LOS,
8,44.0,2,-4263628.288240004,41,40,41,49,38,-0.32400000000052387,17888.484168004245,1.7159161666949535E-5,4.6850583E-12,0.0,307.672674972564,0.009639967232942581,549.6047007367015,NLOS,
9,9.0,2,-4291813.061455786,44,43,44,47,42,-0.3790000000008149,17618.570296104997,-7.840114616012244E-5,-1.1733463E-11,0.0,577.6576218791306,-0.06086532399058342,86.1183458045125,LOS,
73,26.0,0,-4233057.080432955,30,29,32,37,4,0.08600000000296859,18549.190780688077,1.1720255679392698E-4,1.8189894E-12,0.0,352.98829523846507,-0.9780154526233673,-29.347774531692266,NLOS,
74,48.0,0,-4257317.651564773,20,19,28,46,10,0.016999999999825377,18405.632711280137,3.671672857308272E-5,1.8189894E-12,0.0,209.43022583052516,-51.25638780370355,102.1790807954967,LOS,
75,32.0,0,-4409379.1757273,23,22,23,29,7,0.06599999999889405,17655.41439671442,-4.707701909865135E-4,-9.094947E-13,0.0,540.788906712085,1.9916300252079964,22.95222570374608,LOS,
76,27.0,0,-4270116.064849593,24,23,29,30,0,-0.08099999999831198,18291.22681744024,-6.379292244673931E-6,1.8189894E-12,0.0,95.02433199435472,-5.330098517239094,-19.269645359367132,NLOS,
23,40.0,2,-4294322.339429285,46,45,47,50,26,-0.3580000000001746,17794.364221043885,-8.684644529222932E-5,5.509627E-13,0.0,401.83492809534073,-0.07101668417453766,63.55933394283056,LOS,
31,40.0,2,-4171087.069968935,36,35,36,41,0,-0.28699999999662396,18327.69522088766,3.239164442890903E-4,-1.5366935E-12,0.0,130.734131898731,0.25139304623007774,-28.093803640455008,NLOS,
1,78.0,2,-4289231.660315786,44,44,44,44,19,0.2969999999986612,18126.445973545313,-9.345342413146995E-6,9.4686477E-13,0.0,69.65605759248137,0.269718237221241,10.92331950739026,LOS,
3,47.0,2,-4228442.669696912,36,35,35,37,7,0.2209999999977299,17905.843730363995,1.9360036888243682E-4,2.1949524E-11,0.0,291.21326437592506,0.45062655210494995,63.52633049711585,NLOS,
4,64.0,2,-4288431.645211242,49,48,49,49,42,0.282999999999447,18553.36514416337,-6.773062035454154E-6,2.1805415E-13,0.0,357.1540025956929,0.26923876255750656,-17.94152794405818,LOS,
8,44.0,2,-4281824.319614947,41,40,41,49,38,0.2710000000006403,17888.745177660137,1.715916635200802E-5,4.6850583E-12,0.0,307.4112936742604,0.2613812983036041,549.4344494566321,NLOS,
9,9.0,2,-4310009.176260382,44,43,44,47,42,0.21900000000096043,17618.778886485845,-7.840115789358582E-5,-1.1733463E-11,0.0,577.4310066923499,0.22661518678069115,86.02660202980042,LOS,
73,26.0,0,-4251250.859707329,30,29,30,37,4,0.18599999999787542,18547.796200875193,1.1720255861291646E-4,1.8189894E-12,0.0,351.59371542558074,-1.3945798128843307,-31.77098560705781,NLOS,
74,48.0,0,-4275412.159106702,31,20,27,46,10,0.3460000000013679,18360.737329479307,3.671673039207219E-5,1.8189894E-12,0.0,164.5348440296948,-44.895381800830364,0.48413727432489395,LOS,
75,32.0,0,-4427569.6199108735,23,22,23,29,7,0.407999999999447,17644.19052377343,-4.707701918960082E-4,-9.094947E-13,0.0,552.0127796567976,-11.223872944712639,17.193105846643448,LOS,
76,27.0,0,-4288316.154293649,24,23,28,30,0,0.3319999999985157,18297.788659315556,-6.379290425684467E-6,1.8189894E-12,0.0,101.58617386594415,6.561841871589422,-15.382686752825975,NLOS,
23,40.0,2,-4312518.446111817,46,45,47,50,26,0.25200000000040745,17794.605971764773,-8.684644474126659E-5,5.509627E-13,0.0,401.60674242675304,0.22818566858768463,63.46315088123083,LOS,
31,40.0,2,-4189282.4275507927,36,35,36,41,0,0.30499999999665306,18327.99149480462,3.239164427523968E-4,-1.5366935E-12,0.0,131.03746706992388,0.30333517119288445,-28.9397132396698,NLOS,
1,78.0,2,-4307427.634236477,44,44,44,44,19,-0.10599999999976717,18126.34968622029,-9.345341466282204E-6,9.4686477E-13,0.0,69.48730129376054,0.16875629872083664,10.994285751134157,LOS,
3,47.0,2,-4246638.031333439,36,35,36,37,7,-0.19900000000052387,17905.653557412326,1.9360039083196E-4,2.1949524E-11,0.0,290.77938459068537,0.4338797852396965,62.99130901321769,NLOS,
4,64.0,2,-4306627.539369497,49,48,49,49,42,-0.12099999999918509,18553.254017759115,-6.773061817400016E-6,2.1805415E-13,0.0,357.3408103995025,0.1868078038096428,-17.950542628765106,LOS,
8,44.0,2,-4300020.127632484,41,40,41,49,38,-0.12299999999959255,17888.63207327202,1.7159171037066217E-5,4.6850583E-12,0.0,307.2439311668277,0.1673625074326992,549.3406332284212,NLOS,
9,9.0,2,-4328205.092905913,43,43,44,47,42,-0.1860000000015134,17618.604293409735,-7.840116962704849E-5,-1.1733463E-11,0.0,577.2952154278755,0.13579126447439194,86.03649164363742,LOS,
73,26.0,0,-4269447.538406339,30,29,30,37,4,-1.0669999999990978,18550.70026148483,1.172025604319058E-4,1.8189894E-12,0.0,354.79756849631667,3.2038530707359314,-30.994979586452246,NLOS,
74,48.0,0,-4293607.375645593,31,30,31,46,10,-0.7210000000013679,18461.59999237582,3.6716732211061536E-5,1.8189894E-12,0.0,265.6972993835807,101.16245535388589,-0.20201682671904564,LOS,
75,32.0,0,-4445764.6691384055,23,22,23,29,7,-0.565999999998894,17648.89504091069,-4.707701928055029E-4,-9.094947E-13,0.0,547.0084700584412,5.004309598356485,16.338822409510612,LOS,
76,27.0,0,-4306507.128346652,23,22,24,30,0,-0.4099999999998545,18288.83046399057,-6.3792886066951155E-6,1.8189894E-12,0.0,92.92777099832892,-8.658402867615223,-20.31132674217224,NLOS,
23,40.0,2,-4330714.3457280025,46,45,46,50,26,-0.14600000000064028,17794.469936460257,-8.684644419030391E-5,5.509627E-13,0.0,401.45357716828585,0.15316525846719742,63.45969393104315,LOS,
31,40.0,2,-4207477.828415684,36,36,36,41,0,-0.09000000000014552,18327.909863930196,3.239164412157034E-4,-1.5366935E-12,0.0,131.50593126937747,0.4684641994535923,-29.442547347396612,NLOS,
1,78.0,2,-4325623.230578665,44,44,44,44,19,-0.2319999999999709,18126.106916114688,-9.345340519417352E-6,9.4686477E-13,0.0,69.75218421593308,-0.2648829221725464,10.68767349049449,LOS,
3,47.0,2,-4264833.202308442,36,35,36,37,7,-0.33299999999871943,17905.31193511188,1.936004127814845E-4,2.1949524E-11,0.0,290.9472626969218,-0.16787810623645782,62.26562600955367,NLOS,
4,64.0,2,-4324823.073243298,49,48,49,49,42,-0.24799999999959255,18552.99677081406,-6.773061599345864E-6,2.1805415E-13,0.0,357.07928958535194,-0.2615208141505718,-18.319841764867306,LOS,
8,44.0,2,-4318215.569021989,41,40,41,49,38,-0.26000000000203727,17888.36247959733,1.7159175722124707E-5,4.6850583E-12,0.0,307.5196569636464,-0.2757257968187332,548.8801889680326,NLOS,
9,9.0,2,-4346400.681479614,43,43,44,47,42,-0.3099999999976717,17618.284299898893,-7.840118136051188E-5,-1.1733463E-11,0.0,577.5891937352717,-0.2939783073961735,85.71830943226814,LOS,
73,26.0,0,-4287647.092413738,30,30,30,37,4,0.8909999999996217,18553.580252051353,1.1720256225089528E-4,1.8189894E-12,0.0,357.67755905911326,2.8799905627965927,-27.343665178865194,NLOS,
74,48.0,0,-4311799.027802125,31,31,31,46,10,0.23099999999976717,18458.18929208815,3.6716734030051E-5,1.8189894E-12,0.0,262.2865990996361,-3.410700283944607,-4.452553283423185,LOS,
75,32.0,0,-4463956.575495988,23,22,23,29,7,0.4039999999986321,17645.85160653293,-4.707701937149977E-4,-9.094947E-13,0.0,550.0519044362009,-3.043434377759695,12.341669023036957,LOS,
76,27.0,0,-4324699.739325572,23,22,24,30,0,-0.8919999999998254,18290.624598052353,-6.379286787705652E-6,1.8189894E-12,0.0,94.72190506383777,1.7941340655088425,-23.60304081067443,NLOS,
23,40.0,2,-4348909.8425772,45,45,46,50,26,-0.3149999999986903,17794.146700371057,-8.684644363934118E-5,5.509627E-13,0.0,401.79595299065113,-0.34237582236528397,63.053469993174076,LOS,
31,40.0,2,-4225673.004522998,37,36,36,41,0,-0.22999999999956344,18327.669652368873,3.239164396790099E-4,-1.5366935E-12,0.0,131.40657305717468,-0.0993582122027874,-30.17013903334737,NLOS,
1,78.0,2,-4343819.285227414,44,44,44,44,19,0.5840000000025611,18126.701718132943,-9.345339572552558E-6,9.4686477E-13,0.0,69.18116740882397,0.5710168071091175,10.839367795735598,LOS,
3,47.0,2,-4283028.854593102,36,35,36,37,7,0.4989999999997963,17905.820899110287,1.936004347310077E-4,2.1949524E-11,0.0,290.44312995672226,0.5041327401995659,62.021252658218145,NLOS,
4,64.0,2,-4343019.084501818,49,48,49,49,42,0.5720000000001164,18553.57750928402,-6.773061381291725E-6,2.1805415E-13,0.0,357.6553825289011,0.5760929435491562,-18.21175618469715,LOS,
8,44.0,2,-4336411.483603761,41,40,41,49,38,0.5709999999999127,17888.942047424614,1.7159180407182912E-5,4.6850583E-12,0.0,306.9555123820901,0.5641445815563202,548.8929369747639,NLOS,
9,9.0,2,-4364596.767317817,43,42,43,47,42,0.49399999999877764,17618.787118449807,-7.840119309397455E-5,-1.1733463E-11,0.0,577.0577584765851,0.5314352586865425,85.89739172160625,LOS,
73,26.0,0,-4305845.423044808,31,30,30,37,4,-0.018000000000029104,18552.361517235637,1.1720256406988463E-4,1.8189894E-12,0.0,356.4588242471218,-1.2187348119914532,-24.915727097541094,NLOS,
74,48.0,0,-4329989.438793339,31,30,31,46,10,1.1599999999998545,18457.10175960511,3.671673584904036E-5,1.8189894E-12,0.0,261.1990666128695,-1.0875324867665768,-9.94425506144762,LOS,
75,32.0,0,-4482156.541931748,23,22,23,29,7,0.3400000000001455,17654.01121659577,-4.707701946244923E-4,-9.094947E-13,0.0,541.8922943733633,8.1596100628376,16.4045938141644,LOS,
76,27.0,0,-4342904.0588306,23,22,23,30,0,2.675999999999476,18302.490320675075,-6.3792849687162965E-6,1.8189894E-12,0.0,106.58762768283486,11.865722618997097,-15.186228774487972,NLOS,
23,40.0,2,-4367105.838770982,45,44,46,50,26,0.5430000000014843,17794.698496207595,-8.684644308837849E-5,5.509627E-13,0.0,401.23616675287485,0.5597862377762794,63.146590638905764,LOS,
31,40.0,2,-4243868.755915258,38,37,37,41,0,0.603000000002794,18328.284093316644,3.239164381423165E-4,-1.5366935E-12,0.0,132.10723561421037,0.7006625570356846,-30.322445772588253,NLOS,
1,78.0,2,-4362015.8509935625,44,44,44,44,19,0.6559999999990396,18127.347470838577,-9.345338625687706E-6,9.4686477E-13,0.0,68.85713433474302,0.32403307408094406,11.202387038618326,LOS,
3,47.0,2,-4301224.994481765,36,35,36,37,7,0.565999999998894,17906.37830913067,1.9360045668053222E-4,2.1949524E-11,0.0,290.2325257398188,0.2106042169034481,61.96469085663557,NLOS,
4,64.0,2,-4361215.632198196,49,48,49,49,42,0.647000000000844,18554.21528782323,-6.773061163237573E-6,2.1805415E-13,0.0,357.9907670356333,0.3353845067322254,-17.867025204002857,LOS,
8,44.0,2,-4354607.895661399,40,40,41,49,38,0.6300000000010186,17889.56464298442,1.7159185092241396E-5,4.6850583E-12,0.0,306.66690069809556,0.28861168399453163,549.1033683903515,NLOS,
9,9.0,2,-4382793.411395434,43,42,43,47,42,0.5960000000013679,17619.373334351927,-7.840120482743794E-5,-1.1733463E-11,0.0,576.7652029022574,0.2925555743277073,86.33492096886039,LOS,
73,26.0,0,-4324041.984854367,31,30,31,37,4,0.3600000000005821,18550.59738206491,1.1720256588887408E-4,1.8189894E-12,0.0,354.3948966152966,-2.0639276318252087,-24.55640298873186,NLOS,
74,48.0,0,-4348185.347235754,30,29,31,46,10,0.25,18462.752858761698,3.671673766802982E-5,1.8189894E-12,0.0,266.55037331208587,5.351306699216366,-10.23829809576273,LOS,
75,32.0,0,-4500354.251124762,23,22,23,29,7,0.7950000000018917,17651.853470195085,-4.707701955339871E-4,-9.094947E-13,0.0,544.3498332314193,-2.4575388580560684,17.91048340126872,LOS,
76,27.0,0,-4361084.749981046,22,7,23,30,0,0.5070000000014261,18279.01917467639,-6.379283149726833E-6,1.8189894E-12,0.0,82.81668923050165,-23.770938452333212,-30.697563774883747,NLOS,
23,40.0,2,-4385302.386380389,45,44,45,50,26,0.6119999999973516,17795.299343541265,-8.684644253741577E-5,5.509627E-13,0.0,400.9241483733058,0.31201837956905365,63.491334453225136,LOS,
31,40.0,2,-4262064.98228135,38,37,38,41,0,0.6659999999974389,18328.940387558192,3.2391643660562296E-4,-1.5366935E-12,0.0,132.40780475363135,0.3005691394209862,-30.29957113787532,NLOS,
1,78.0,2,-4380211.495868299,44,44,44,44,19,-0.805000000000291,18126.552309796214,-9.345337678822915E-6,9.4686477E-13,0.0,69.36551050841808,-0.5083761736750603,10.944307327270508,LOS,
3,47.0,2,-4319420.040522426,36,35,36,37,7,-0.9059999999990396,17905.480852026492,1.9360047863005534E-4,2.1949524E-11,0.0,291.0037487857044,-0.7712230458855629,61.114073511213064,NLOS,
4,64.0,2,-4379411.257345252,48,47,49,49,42,-0.8260000000009313,18553.39885483682,-6.773060945183435E-6,2.1805415E-13,0.0,357.46669359877706,-0.5240734368562698,-18.145051084458828,LOS,
8,44.0,2,-4372803.366044205,40,39,41,49,38,-0.8339999999989232,17888.739590145648,1.7159189777299588E-5,4.6850583E-12,0.0,307.21780460327864,-0.5509039051830769,548.6719174310565,NLOS,
9,9.0,2,-4400989.1168558635,43,42,43,47,42,-0.9010000000016589,17618.482096735388,-7.840121656090058E-5,-1.1733463E-11,0.0,577.3698414936662,-0.6046385914087296,86.133625485003,LOS,
73,26.0,0,-4342237.262349181,31,30,31,37,4,-1.4480000000003201,18549.317712798715,1.1720256770786343E-4,1.8189894E-12,0.0,353.41501980647445,-0.979876808822155,-25.18160116672516,NLOS,
74,48.0,0,-4366379.770081952,30,29,31,46,10,-1.0509999999994761,18461.420861028135,3.671673948701917E-5,1.8189894E-12,0.0,265.5181680396199,-1.0322052724659443,-11.71814488619566,LOS,
75,32.0,0,-4518546.632400915,23,22,23,29,7,-2.2440000000024156,17646.62514627725,-4.7077019644348173E-4,-9.094947E-13,0.0,549.2783646956086,-4.928531464189291,14.388248581439257,LOS,
76,27.0,0,-4379276.3170639165,14,13,23,30,0,1.1859999999978754,18290.052303936332,-6.379281330737484E-6,1.8189894E-12,0.0,94.14961094409227,11.332921713590622,-35.03317389637232,NLOS,
23,40.0,2,-4403498.00519596,45,44,45,50,26,-0.8679999999985739,17794.44270241633,-8.68464419864531E-5,5.509627E-13,0.0,401.49270387366414,-0.5685555003583431,63.20707688853145,LOS,
31,40.0,2,-4280260.16717365,38,37,38,41,0,-0.8009999999994761,18328.149338066578,3.239164350689295E-4,-1.5366935E-12,0.0,131.79148928821087,-0.6163154654204845,-31.01837783679366,NLOS,
1,78.0,2,-4398406.622755699,44,44,44,44,19,-0.37299999999959255,18126.16989865899,-9.345336731958063E-6,9.4686477E-13,0.0,69.17119278758764,0.19431772083044052,10.767825197428465,LOS,
3,47.0,2,-4337614.661502305,36,35,36,37,7,-0.4530000000013388,17905.018755957484,1.9360050057957987E-4,2.1949524E-11,0.0,290.80642479658127,0.197323989123106,60.4379802942276,NLOS,
4,64.0,2,-4397606.400221277,48,47,49,49,42,-0.3830000000016298,18553.006567142904,-6.773060727129283E-6,2.1805415E-13,0.0,357.68272452428937,0.21603092551231384,-18.305763084441423,LOS,
8,44.0,2,-4390998.317913625,40,39,40,49,38,-0.3780000000006112,17888.350122388452,1.7159194462358078E-5,4.6850583E-12,0.0,307.0457810163498,0.17202358692884445,548.3215380050242,NLOS,
9,9.0,2,-4419184.341154732,43,42,43,47,42,-0.44499999999970896,17618.027435958385,-7.840122829436399E-5,-1.1733463E-11,0.0,577.2172985896468,0.15254290401935577,86.05075335502625,LOS,
73,26.0,0,-4360430.578892648,31,30,31,37,4,0.10399999999935972,18547.361454442143,1.172025695268529E-4,1.8189894E-12,0.0,352.05834636837244,-1.356673438102007,-27.168165773153305,NLOS,
74,48.0,0,-4384575.264338579,30,29,30,46,10,-0.14800000000104774,18462.64588709548,3.6716741306008636E-5,1.8189894E-12,0.0,267.34277901798487,1.8246109783649445,-11.526996336877346,LOS,
75,32.0,0,-4536740.629803125,23,22,23,29,7,1.1500000000014552,17648.340825535357,-4.707701973529765E-4,-9.094947E-13,0.0,546.963100515306,2.31526418030262,13.081724740564823,LOS,
76,27.0,0,-4397484.158140462,14,13,22,30,0,-0.6270000000004075,18306.48350726813,-6.379279511748018E-6,1.8189894E-12,0.0,111.18039919435978,17.030788250267506,-22.49520542472601,NLOS,
23,40.0,2,-4421693.096858904,44,43,45,50,26,-0.4210000000020955,17794.01199568808,-8.684644143549036E-5,5.509627E-13,0.0,401.3598752580583,0.13282861560583115,62.99525161087513,LOS,
31,40.0,2,-4298454.807530712,38,37,38,41,0,-0.3400000000001455,18327.798562385142,3.2391643353223604E-4,-1.5366935E-12,0.0,131.97191602736712,0.18042673915624619,-31.682134855538607,NLOS,
1,78.0,2,-4416602.056497481,44,43,44,44,19,0.4279999999998836,18126.607884272933,-9.345335785093267E-6,9.4686477E-13,0.0,69.05139604210854,0.1197967454791069,10.598404988646507,LOS,
3,47.0,2,-4355809.504936073,35,34,36,37,7,0.32400000000052387,17905.351200662553,1.936005225291031E-4,2.1949524E-11,0.0,290.86092334985733,-0.05449855327606201,59.68454851210117,NLOS,
4,64.0,2,-4415801.8656866625,48,47,48,49,42,0.41200000000026193,18553.42744575441,-6.773060509075143E-6,2.1805415E-13,0.0,357.8041823320091,0.12145780771970749,-18.443678181618452,LOS,
8,44.0,2,-4409193.554082882,39,38,40,49,38,0.3899999999994179,17888.74995337054,1.715919914741629E-5,4.6850583E-12,0.0,306.97027107700706,0.0755099393427372,547.9556659534574,NLOS,
9,9.0,2,-4437379.877140012,43,42,43,47,42,0.34799999999813735,17618.38558438793,-7.840124002782669E-5,-1.1733463E-11,0.0,577.1712069138885,0.046091675758361816,85.97977517545223,LOS,
73,26.0,0,-4378624.560425561,31,30,31,37,4,0.25200000000040745,18548.031095597893,1.1720257134584227E-4,1.8189894E-12,0.0,352.42819506675005,0.36984869837760925,-28.789533391594887,NLOS,
74,48.0,0,-4402777.377622753,30,29,30,46,10,0.8120000000017171,18469.4184804298,3.671674312499799E-5,1.8189894E-12,0.0,273.8155798986554,6.4728008806705475,-5.016612693667412,LOS,
75,32.0,0,-4554938.175758425,23,23,23,29,7,-0.043000000001484295,17651.989028986543,-4.7077019826247113E-4,-9.094947E-13,0.0,543.6146895289421,3.348410986363888,15.023961525410414,LOS,
76,27.0,0,-4415693.200155515,15,14,14,30,0,-1.4689999999973224,18307.841643530875,-6.37927769275866E-6,1.8189894E-12,0.0,112.2387429960072,1.0583438016474247,-9.056090906262398,NLOS,
23,40.0,2,-4439888.51565678,44,43,45,50,26,0.3730000000032305,17794.393074247986,-8.684644088452767E-5,5.509627E-13,0.0,401.2720853537321,0.08778990432620049,62.81076881289482,LOS,
31,40.0,2,-4316649.580131177,38,37,38,41,0,0.42000000000189175,18328.228975474834,3.239164319955426E-4,-1.5366935E-12,0.0,131.92972192540765,-0.042194101959466934,-32.51344093307853,NLOS,
1,78.0,2,-4434797.893093448,44,43,44,44,19,0.5370000000002619,18127.135735556483,-9.345334838228414E-6,9.4686477E-13,0.0,68.23601666092873,0.8153793811798096,11.131631422787905,LOS,
3,47.0,2,-4374004.718802746,35,34,36,37,7,0.47000000000116415,17905.812082767487,1.9360054447862765E-4,2.1949524E-11,0.0,290.1678883135319,0.6930350363254547,59.60134209319949,NLOS,
4,64.0,2,-4433997.7418980785,48,47,48,49,42,0.5230000000010477,18553.942458182573,-6.773060291020992E-6,2.1805415E-13,0.0,358.6134124919772,0.8092301599681377,-17.87105478718877,LOS,
8,44.0,2,-4427389.159322735,39,38,40,49,38,0.5279999999984284,17889.269094139338,1.7159203832474787E-5,4.6850583E-12,0.0,306.2104294709861,0.7598416060209274,548.2586569599807,NLOS,
9,9.0,2,-4455575.839295335,43,42,43,47,42,0.4639999999999418,17618.839572161436,-7.840125176129009E-5,-1.1733463E-11,0.0,576.4111087359488,0.7600981779396534,86.63475950434804,LOS,
73,26.0,0,-4396818.480152469,31,30,31,37,4,0.3650000000016007,18547.973986014724,1.1720257316483172E-4,1.8189894E-12,0.0,352.6708779409528,0.24268287420272827,-30.172914557158947,NLOS,
74,48.0,0,-4420979.918568976,30,29,30,46,10,0.04299999999784632,18469.999723326415,3.671674494398746E-5,1.8189894E-12,0.0,274.6966152526438,0.881035353988409,2.221225455403328,LOS,
75,32.0,0,-4573138.480145175,23,23,23,29,7,0.09200000000055297,17654.847075380385,-4.707701991719659E-4,-9.094947E-13,0.0,540.4568506702781,3.157838858664036,20.024422224611044,LOS,
76,27.0,0,-4433885.508534215,24,15,15,30,0,-0.728000000002794,18291.26521699503,-6.379275873769193E-6,1.8189894E-12,0.0,95.96210892125964,-16.276634074747562,-12.050820279866457,NLOS,
23,40.0,2,-4458084.34131705,43,42,44,50,26,0.48999999999796273,17794.874646041542,-8.684644033356494E-5,5.509627E-13,0.0,400.50502947345376,0.7670558802783489,63.332940861582756,LOS,
31,40.0,0,-4334819.860647272,38,37,38,41,0,0.5629999999982829,18328.78232806176,3.2391643045884906E-4,-1.5366935E-12,0.0,107.86279511451721,-24.066926810890436,-57.537038922309875,NLOS,
1,78.0,2,-4452992.988269594,44,43,44,44,19,-0.6350000000020373,18126.510036066175,-9.345333891363621E-6,9.4686477E-13,0.0,68.56489676237106,-0.32888010144233704,11.223230496048927,LOS,
3,47.0,0,-4392165.800605185,35,34,35,37,7,-0.7340000000003783,17905.08793580532,1.9360056642815082E-4,2.1949524E-11,0.0,323.9773106947541,-33.80942238122225,25.68586390092969,NLOS,
4,64.0,2,-4452192.881865341,48,47,48,49,42,-0.6460000000006403,18553.304849948734,-6.773060072966853E-6,2.1805415E-13,0.0,358.2755967900157,-0.33781570196151733,-17.734883088618517,LOS,
8,44.0,2,-4445584.028405361,39,38,39,49,38,-0.6630000000004657,17888.615975048393,1.715920851753299E-5,4.6850583E-12,0.0,306.55576568096876,-0.3453362099826336,548.1252831928432,NLOS,
9,9.0,2,-4473771.074936446,43,42,43,47,42,-0.7119999999995343,17618.135935697705,-7.840126349475277E-5,-1.1733463E-11,0.0,576.8036175221205,-0.39250878617167473,86.86302207410336,LOS,
73,26.0,0,-4415011.418336485,31,30,31,37,4,0.023999999997613486,18546.99709874764,1.1720257498382109E-4,1.8189894E-12,0.0,351.9937831312418,-0.6770948097109795,-32.238046158105135,NLOS,
74,48.0,0,-4439183.312901542,30,30,30,46,10,0.13100000000122236,18471.00664096698,3.671674676297681E-5,1.8189894E-12,0.0,276.0033253505826,1.306710097938776,10.6122424043715,LOS,
75,32.0,0,-4591335.984725196,23,23,23,29,7,-0.04499999999825377,17652.14697988704,-4.7077020008146054E-4,-9.094947E-13,0.0,542.8571537099779,-2.400303039699793,22.52486864849925,LOS,
76,27.0,0,-4452083.448231991,25,24,24,30,0,0.853000000002794,18297.053734060377,-6.379274054779839E-6,1.8189894E-12,0.0,102.05041844397783,6.088309522718191,-9.114438120275736,NLOS,
23,40.0,0,-4476265.322402671,43,37,44,50,26,-0.680000000000291,17794.203566141427,-8.684643978260226E-5,5.509627E-13,0.0,414.98936016485095,-14.48433069139719,49.31033072248101,LOS,
31,40.0,2,-4353014.528475545,38,37,38,41,0,-0.6209999999991851,18328.17013526708,3.2391642892215565E-4,-1.5366935E-12,0.0,132.67524288967252,24.812447775155306,-57.87353227287531,NLOS,
1,78.0,2,-4471187.788869545,44,43,44,44,19,-0.16799999999784632,18126.340658977628,-9.345332944498824E-6,9.4686477E-13,0.0,68.44693163409829,0.11796512827277184,11.320045832544565,LOS,
3,47.0,0,-4410366.660697173,35,34,35,37,7,0.21500000000014552,17905.302907548845,1.9360058837767407E-4,2.1949524E-11,0.0,283.87639402225614,40.10091667249799,31.848467711359262,NLOS,
4,64.0,2,-4470387.730787329,48,47,48,49,42,-0.18599999999787542,18553.119699291885,-6.7730598549127134E-6,2.1805415E-13,0.0,358.3829914405942,0.10739465057849884,-17.5899642072618,LOS,
8,44.0,2,-4463778.640962899,38,38,39,49,38,-0.1809999999968568,17888.434676140547,1.7159213202591208E-5,4.6850583E-12,0.0,306.42147727683187,0.13428840413689613,548.0351767987013,NLOS,
9,9.0,2,-4491966.017470308,43,42,43,47,42,-0.24899999999979627,17617.887788176537,-7.840127522821549E-5,-1.1733463E-11,0.0,576.7627503462136,0.04086717590689659,87.0979698523879,LOS,
73,26.0,0,-4433204.310002845,31,30,31,37,4,-0.7249999999985448,18546.955262362957,1.1720257680281044E-4,1.8189894E-12,0.0,352.2517392039299,0.2579560726881027,-34.04990295693278,NLOS,
74,48.0,0,-4457384.7886760235,36,30,30,46,10,-0.5390000000006694,18469.241614811122,3.6716748581966175E-5,1.8189894E-12,0.0,274.5380916520953,-1.4652336984872818,17.384493727236986,LOS,
75,32.0,0,-4609527.454796117,24,23,23,29,7,-0.6560000000026776,17646.21217596531,-4.7077020099095524E-4,-9.094947E-13,0.0,548.49216517061,-5.635011460632086,19.290598433464766,LOS,
76,27.0,0,-4470278.722827919,26,25,25,30,0,-0.9040000000022701,18294.545836925507,-6.379272235790479E-6,1.8189894E-12,0.0,99.84231376647949,-2.2081046774983406,-8.543365351855755,NLOS,
23,40.0,0,-4494456.472131737,38,37,43,50,26,0.2250000000021828,17794.429618127644,-8.684643923163956E-5,5.509627E-13,0.0,404.46049758791924,10.528862576931715,45.756156485527754,LOS,
31,40.0,2,-4371209.045846652,37,37,38,41,0,-0.15999999999985448,18328.00956003368,3.2391642738546225E-4,-1.5366935E-12,0.0,132.94992430135608,0.2746814116835594,-58.0606903322041,NLOS,
1,78.0,2,-4489382.471972667,44,43,44,44,19,0.01599999999962165,18126.348363097757,-9.345331997633969E-6,9.4686477E-13,0.0,68.45167751982808,-0.004745885729789734,11.29936433956027,LOS,
3,47.0,2,-4428565.3643540405,35,34,35,37,7,-0.5430000000014843,17904.75082988292,1.936006103271987E-4,2.1949524E-11,0.0,286.010007224977,-2.1336132027208805,35.854636400938034,NLOS,
4,64.0,2,-4488582.471642263,48,47,48,49,42,0.0039999999971769284,18553.11363352835,-6.77305963685856E-6,2.1805415E-13,0.0,358.3735809288919,-0.009410511702299118,-17.553112380206585,LOS,
8,44.0,2,-4481973.148777951,38,37,39,49,37,-0.008000000001629815,17888.417232722044,1.715921788764972E-5,4.6850583E-12,0.0,306.4352041967213,-0.013726919889450073,547.8403279185295,NLOS,
9,9.0,2,-4510160.844039008,43,42,43,47,42,-0.0639999999984866,17617.815826456994,-7.840128696167893E-5,-1.1733463E-11,0.0,576.8445606417954,-0.08181029558181763,87.21695247292519,LOS,
73,26.0,0,-4451394.425487086,31,30,31,37,4,-0.19099999999889405,18544.183784760535,1.1720257862179992E-4,1.8189894E-12,0.0,349.48026160150766,-2.7714776024222374,-38.637941874563694,NLOS,
74,48.0,0,-4475586.244831156,36,35,36,46,10,0.36700000000200816,18469.375526230782,3.6716750400955646E-5,1.8189894E-12,0.0,274.67200307175517,0.13391141965985298,24.137125700712204,LOS,
75,32.0,0,-4627716.523855295,24,23,24,29,7,0.13800000000264845,17643.910867009312,-4.7077020190045E-4,-9.094947E-13,0.0,550.7934741303325,-2.301308959722519,13.655316472053528,LOS,
76,27.0,0,-4488471.805418957,26,25,26,30,0,1.1409999999996217,18292.51104284823,-6.379270416801006E-6,1.8189894E-12,0.0,97.80751968920231,-2.0347940772771835,-10.164297472685575,NLOS,
23,40.0,0,-4512651.977249388,37,36,43,50,26,-0.5240000000012515,17793.896396946162,-8.684643868067684E-5,5.509627E-13,0.0,400.04470443725586,4.415793150663376,46.55737083032727,LOS,
31,40.0,2,-4389402.414907206,33,32,38,41,0,0.023000000001047738,18328.02385766059,3.2391642584876873E-4,-1.5366935E-12,0.0,131.9269619435072,-1.0229623578488827,-59.39615894854069,NLOS,
1,78.0,2,-4507577.415000923,44,43,44,44,19,0.37700000000040745,18126.73350378871,-9.34533105076917E-6,9.4686477E-13,0.0,68.07898692786694,0.3726905919611454,11.538607981055975,LOS,
3,47.0,2,-4446762.557472326,35,34,35,37,7,0.29100000000107684,17905.050394471735,1.93600632276722E-4,2.1949524E-11,0.0,287.49768395349383,-1.487676728516817,38.35026650875807,NLOS,
4,64.0,2,-4506777.481837645,48,47,48,49,42,0.3600000000005821,18553.48306102678,-6.773059418804421E-6,2.1805415E-13,0.0,358.7415218539536,0.36794092506170273,-17.246920105069876,LOS,
8,44.0,2,-4500167.977458704,38,37,38,49,37,0.3440000000009604,17888.770815890282,1.7159222572707944E-5,4.6850583E-12,0.0,306.02327274903655,0.41193144768476486,547.9663447365165,NLOS,
9,9.0,2,-4528355.943928197,43,42,43,47,42,0.2989999999990687,17618.122450407594,-7.840129869514166E-5,-1.1733463E-11,0.0,576.5370075814426,0.3075530603528023,87.6092555783689,LOS,
73,26.0,0,-4469581.635768242,30,30,31,37,4,0.3609999999971478,18541.283245090395,1.1720258044078927E-4,1.8189894E-12,0.0,346.5797219313681,-2.900539670139551,-46.13118387758732,NLOS,
74,48.0,0,-4493788.83920547,36,35,36,46,10,0.5609999999978754,18470.66722630337,3.671675221994501E-5,1.8189894E-12,0.0,275.9637031443417,1.2917000725865364,32.02797685563564,LOS,
75,32.0,0,-4645914.734248616,24,23,24,29,7,0.8230000000003201,17653.15200059861,-4.7077020280994464E-4,-9.094947E-13,0.0,541.5523405373096,9.241133593022823,17.161368656903505,LOS,
76,27.0,0,-4506667.41679265,27,26,26,30,0,-0.24699999999938882,18295.197024300694,-6.3792685978116435E-6,1.8189894E-12,0.0,100.49350114166737,2.6859814524650574,-9.256446938961744,NLOS,
23,40.0,2,-4530855.726701487,35,29,38,50,26,0.3600000000005821,17794.2641444318,-8.684643812971415E-5,5.509627E-13,0.0,391.7399147115648,8.30478972569108,55.60291962698102,LOS,
31,40.0,2,-4407598.313664693,32,31,37,41,0,0.3769999999967695,18328.409990210086,3.2391642431207527E-4,-1.5366935E-12,0.0,134.581984937191,2.655022993683815,-58.20193062722683,NLOS,
1,78.0,2,-4525772.01211999,43,43,44,44,19,-0.21500000000014552,18126.510392349213,-9.345330103904316E-6,9.4686477E-13,0.0,68.01234039664268,0.0666465312242508,11.73173489049077,LOS,
3,47.0,2,-4464959.035165619,35,34,35,37,7,-0.3070000000006985,17904.73502069339,1.936006542262466E-4,2.1949524E-11,0.0,287.8904854208231,-0.3928014673292637,40.430264085531235,NLOS,
4,64.0,2,-4524972.151813161,48,47,48,49,42,-0.22699999999895226,18553.24611856416,-6.773059200750268E-6,2.1805415E-13,0.0,358.7997262440622,0.05820439010858536,-16.98115523904562,LOS,
8,44.0,2,-4518362.48132506,38,37,38,49,37,-0.23700000000098953,17888.525521740317,1.7159227257766448E-5,4.6850583E-12,0.0,305.9572534672916,0.06601928174495697,548.067339617759,NLOS,
9,9.0,2,-4546550.6979143135,43,42,43,47,42,-0.2989999999990687,17617.814805042,-7.84013104286051E-5,-1.1733463E-11,0.0,576.5489486120641,-0.011941030621528625,87.95544807240367,LOS,
73,26.0,0,-4487758.677676432,24,18,31,37,4,-0.7599999999983993,18531.119580794126,1.1720258225977874E-4,1.8189894E-12,0.0,336.71585009247065,-9.863871838897467,-63.49300638958812,NLOS,
74,48.0,0,-4511988.982118722,36,35,36,46,10,-0.7579999999979918,18468.369261607528,3.671675403893448E-5,1.8189894E-12,0.0,273.9655309058726,-1.9981722384691238,37.76715940609574,LOS,
75,32.0,0,-4664105.252328392,24,23,24,29,7,-0.8110000000015134,17645.55945020169,-4.707702037194394E-4,-9.094947E-13,0.0,548.845098476857,-7.2927579395473,13.274899754673243,LOS,
76,27.0,0,-4524857.274230786,27,26,27,30,0,-0.33399999999892316,18289.600299820304,-6.379266778822172E-6,1.8189894E-12,0.0,95.19656912237406,-5.296932019293308,-13.80273950099945,NLOS,
23,40.0,2,-4549061.398347694,30,29,37,50,26,-0.2800000000024738,17793.975622542202,-8.684643757875142E-5,5.509627E-13,0.0,389.4575199261308,2.2823947854340076,66.87045498937368,LOS,
31,40.0,2,-4425797.055307146,32,31,33,41,0,-0.1929999999993015,18328.208083309233,3.2391642277538175E-4,-1.5366935E-12,0.0,137.84999878704548,3.2680138498544693,-53.865024883300066,NLOS,
1,78.0,2,-4543966.148968261,43,42,44,44,19,-0.37700000000040745,18126.141715276986,-9.345329157039517E-6,9.4686477E-13,0.0,68.6596261113882,-0.6472857147455215,11.16479854658246,LOS,
3,48.0,2,-4483153.602183837,35,34,35,37,7,-0.4639999999999418,17904.27972177416,1.9360067617576985E-4,2.1949524E-11,0.0,290.078082729131,-2.187597308307886,40.299794126302004,NLOS,
4,64.0,2,-4543166.355392821,48,47,48,49,42,-0.38699999999880674,18552.868450727314,-6.773058982696128E-6,2.1805415E-13,0.0,358.1321145705879,-0.6676116734743118,-17.481578685343266,LOS,
8,44.0,2,-4536556.535342153,38,37,38,49,37,-0.3919999999998254,17888.14056199044,1.715923194282467E-5,4.6850583E-12,0.0,306.6158046685159,-0.6585512012243271,547.418692778796,NLOS,
9,9.0,2,-4564745.00725735,43,42,43,47,42,-0.44900000000052387,17617.375047653913,-7.840132216206783E-5,-1.1733463E-11,0.0,577.2591384388506,-0.7101898267865181,87.55720502883196,LOS,
73,26.0,0,-4505946.492981698,16,15,30,37,4,-1.8339999999989232,18541.8976463601,1.172025840787681E-4,1.8189894E-12,0.0,347.1941232010722,10.47827310860157,-70.3812242820859,NLOS,
74,48.0,0,-4530189.059529394,36,35,36,46,10,-0.049000000002706656,18468.457206171006,3.6716755857923844E-5,1.8189894E-12,0.0,273.75368301570415,-0.21184789016842842,43.14104692265391,LOS,
75,32.0,0,-4682300.504165862,24,23,24,29,7,-0.08599999999933061,17650.39306620136,-4.707702046289341E-4,-9.094947E-13,0.0,544.3112749382854,4.533823538571596,13.822396084666252,LOS,
76,27.0,0,-4543052.122537941,28,27,27,30,0,-0.28700000000026193,18294.748368114233,-6.379264959832811E-6,1.8189894E-12,0.0,100.04484495520592,4.84827583283186,-13.657955504953861,NLOS,
23,40.0,2,-4567264.7444697395,31,30,35,50,26,-0.43699999999807915,17793.548713672906,-8.684643702778874E-5,5.509627E-13,0.0,392.022378731519,-2.564858805388212,75.51267372816801,LOS,
31,40.0,2,-4443998.4756430425,32,31,32,41,0,-0.3600000000005821,18327.85812919587,3.2391642123868835E-4,-1.5366935E-12,0.0,140.35421435162425,2.5042155645787716,-47.149218153208494,NLOS,
1,78.0,2,-4562160.083050527,43,42,43,44,19,-0.09000000000014552,18126.05210030824,-9.345328210174719E-6,9.4686477E-13,0.0,68.44982027262449,0.20980583876371384,10.694888655096292,LOS,
3,48.0,2,-4501347.572832417,35,34,35,37,7,-0.1959999999999127,17904.083428699523,1.9360069812529316E-4,2.1949524E-11,0.0,290.351803265512,-0.27372053638100624,39.872746989130974,NLOS,
4,64.0,2,-4561360.354563057,48,47,48,49,42,-0.1069999999999709,18552.76169885695,-6.773058764641989E-6,2.1805415E-13,0.0,358.3260842561722,0.19396968558430672,-17.886619098484516,LOS,
8,44.0,2,-4554750.411700159,38,37,38,49,37,-0.11300000000119326,17888.02760023251,1.7159236627882896E-5,4.6850583E-12,0.0,306.4025871604681,0.21321750804781914,546.8921793103218,NLOS,
9,9.0,2,-4582939.12012786,43,42,43,47,42,-0.17199999999866122,17617.2027576603,-7.840133389553055E-5,-1.1733463E-11,0.0,577.1216015592217,0.1375368796288967,87.26228191331029,LOS,
73,26.0,0,-4524171.824182708,15,14,24,37,4,0.9219999999986612,18579.418234817684,1.1720258589775747E-4,1.8189894E-12,0.0,385.01450411602855,37.82038091495633,-39.4537539742887,NLOS,
74,48.0,0,-4548388.587382223,36,35,36,46,10,-0.11299999999755528,18468.06109497696,3.6716757676913206E-5,1.8189894E-12,0.0,273.65736427530646,-0.09631874039769173,48.2651690505445,LOS,
75,32.0,0,-4700498.480258297,24,23,24,29,7,-0.47400000000197906,17653.217175491154,-4.7077020553842875E-4,-9.094947E-13,0.0,541.187373187393,3.1239017508924007,17.393939841538668,LOS,
76,27.0,0,-4561247.793525141,28,27,28,30,0,0.10399999999935972,18295.728253774345,-6.379263140843448E-6,1.8189894E-12,0.0,101.32452307268977,1.2796781174838543,-12.39069900661707,NLOS,
23,40.0,2,-4585469.159882769,31,30,31,50,26,-0.11699999999837019,17793.429711066186,-8.684643647682605E-5,5.509627E-13,0.0,390.5928607657552,1.4295179657638073,85.52397591248155,LOS,
31,40.0,2,-4462198.422827143,32,31,32,41,0,-0.07399999999688589,18327.78392048925,3.239164197019949E-4,-1.5366935E-12,0.0,139.30617202073336,-1.048042330890894,-41.606770761311054,NLOS,
1,78.0,2,-4580354.181695428,43,42,43,44,19,0.2969999999986612,18126.33910702169,-9.34532726330986E-6,9.4686477E-13,0.0,67.87268381565809,0.5771364569664001,10.689333859831095,LOS,
3,48.0,2,-4519542.137155585,35,34,35,37,7,0.21500000000014552,17904.289836209267,1.9360072007481782E-4,2.1949524E-11,0.0,289.4354926906526,0.9163105748593807,40.33916689455509,NLOS,
4,64.0,2,-4579554.528336506,48,47,48,49,42,0.282999999999447,18553.03657054156,-6.7730585465878355E-6,2.1805415E-13,0.0,358.8990760296583,0.5729917734861374,-17.81726384162903,LOS,
8,44.0,2,-4572944.482143458,38,38,38,49,37,0.27700000000186265,17888.295668084174,1.7159241312941413E-5,4.6850583E-12,0.0,305.81763115525246,0.5849560052156448,546.8595435917377,NLOS,
9,9.0,2,-4601133.407942742,43,42,43,47,42,0.21500000000014552,17617.407988805324,-7.840134562899402E-5,-1.1733463E-11,0.0,576.6126756593585,0.5089258998632431,87.44209562987089,LOS,
73,26.0,0,-4542392.613875952,16,15,16,37,4,0.9609999999993306,18574.879452101886,1.1720258771674695E-4,1.8189894E-12,0.0,380.77551386132836,-4.238990254700184,-12.767998971045017,NLOS,
74,48.0,0,-4566588.9333884455,36,35,36,46,10,0.6739999999990687,18469.031866304576,3.671675949590268E-5,1.8189894E-12,0.0,274.9279280602932,1.2705637849867344,54.507237028330564,LOS,
75,32.0,0,-4718690.018240746,24,23,24,29,7,0.5169999999998254,17646.88021890074,-4.707702064479235E-4,-9.094947E-13,0.0,547.2245373241603,-6.037164136767387,14.827166065573692,LOS,
76,27.0,0,-4579441.903898627,28,27,28,30,0,0.43100000000049477,18294.32210927829,-6.379261321853973E-6,1.8189894E-12,0.0,100.21817103400826,-1.106352038681507,-12.384263765066862,NLOS,
23,40.0,2,-4603675.441586856,32,31,31,50,26,0.23599999999714782,17793.658180952072,-8.684643592586332E-5,5.509627E-13,0.0,388.3663653880358,2.2264953777194023,97.70136161521077,LOS,
31,40.0,2,-4480398.775488909,32,31,32,41,0,0.2989999999990687,18328.07333421707,3.2391641816530137E-4,-1.5366935E-12,0.0,140.13676138222218,0.8305893614888191,-35.35905324667692,NLOS,
1,78.0,2,-4598548.943782914,43,42,43,44,19,0.7790000000022701,18127.127980899066,-9.345326120062061E-6,9.5568735E-13,0.0,67.67385907098651,0.19882474467158318,10.747695602476597,LOS,
3,48.0,2,-4537737.347982783,35,34,35,37,7,0.6880000000019209,17904.986539550126,1.936007420243411E-4,2.1949524E-11,0.0,289.36569027230144,0.0698024183511734,40.852505918592215,NLOS,
4,64.0,2,-4597749.37138008,48,47,48,49,42,0.7579999999979918,18553.8036374934,-6.773058328533696E-6,2.1805415E-13,0.0,359.0673013366759,0.16822530701756477,-17.678223375231028,LOS,
8,44.0,2,-4591139.246308755,39,38,38,49,37,0.7579999999979918,17889.06342251599,1.715924599799964E-5,4.6850583E-12,0.0,305.6323659606278,0.1852651946246624,546.9210449568927,NLOS,
9,9.0,2,-4619328.370659985,43,42,43,47,42,0.7029999999977008,17618.12105986476,-7.840135736245675E-5,-1.1733463E-11,0.0,576.5030918046832,0.10958385467529297,87.69722679257393,LOS,
73,26.0,0,-4560599.189361647,27,17,16,37,4,0.9200000000018917,18560.671996213496,1.1720258953573632E-4,1.8189894E-12,0.0,365.96847305446863,-14.807040806859732,-0.896036434918642,NLOS,
74,48.0,0,-4584788.021070808,37,36,36,46,10,0.17199999999866122,18467.927747018635,3.671676131489204E-5,1.8189894E-12,0.0,273.2242238596082,-1.7037042006850243,58.89139623194933,LOS,
75,32.0,0,-4736891.566539381,24,23,24,29,7,1.2210000000013679,17656.98932429403,-4.7077020735741815E-4,-9.094947E-13,0.0,537.7150168418884,9.50952048227191,21.671123564243317,LOS,
76,27.0,0,-4597633.661676727,28,27,28,30,0,0.6589999999996508,18292.129789739847,-6.37925950286461E-6,1.8189894E-12,0.0,97.42626658082008,-2.791904453188181,-15.330008823424578,NLOS,
23,40.0,2,-4621878.902073868,32,31,32,50,26,0.717000000000553,17794.384387888014,-8.684643537490063E-5,5.509627E-13,0.0,391.72670513391495,-3.3603397458791733,106.45794532075524,LOS,
31,40.0,2,-4498598.972466346,32,31,32,41,0,0.7870000000002619,18328.868555411696,3.2391641662860796E-4,-1.5366935E-12,0.0,139.5067891702056,-0.6299722120165825,-29.86660497635603,NLOS,
1,78.0,2,-4616743.282015573,43,42,43,44,19,-0.3370000000031723,18126.78109910339,-9.34532516437473E-6,9.5568735E-13,0.0,68.00574551150203,-0.3318864405155182,10.382146291434765,LOS,
3,48.0,2,-4555932.245250963,35,34,35,37,7,-0.42599999999947613,17904.550520166755,1.9360076397386569E-4,2.1949524E-11,0.0,289.65639651194215,-0.29070623964071274,41.05228592082858,NLOS,
4,64.0,2,-4615943.687516794,48,47,48,49,42,-0.35199999999895226,18553.441659931093,-6.773057500154277E-6,2.4472557E-13,0.0,358.70532090961933,-0.361980427056551,-18.065906796604395,LOS,
8,44.0,2,-4609333.5328794345,39,38,39,49,37,-0.3709999999991851,17888.68380722776,1.715925068305814E-5,4.6850583E-12,0.0,306.0188567228615,-0.38649076223373413,546.5049517042935,NLOS,
9,9.0,2,-4637522.879785296,42,42,43,47,42,-0.41200000000026193,17617.70018524304,-7.840136909592018E-5,-1.1733463E-11,0.0,576.9224798493087,-0.4193880446255207,87.49876601994038,LOS,
73,26.0,0,-4578800.227949351,28,27,27,37,4,-0.9750000000021828,18555.139780439436,1.1720259135472579E-4,1.8189894E-12,0.0,360.43625728040934,-5.532215774059296,5.439028110355139,NLOS,
74,48.0,0,-4602984.103864621,37,36,37,46,10,-0.023999999997613486,18465.07624815777,3.671676313388151E-5,1.8189894E-12,0.0,270.37272499874234,-2.8514988608658314,60.270666886121035,LOS,
75,32.0,0,-4755084.8311185315,24,23,24,29,7,-0.30099999999947613,17648.80555811152,-4.707702082669129E-4,-9.094947E-13,0.0,545.8987830244005,-8.183766182512045,20.23136157914996,LOS,
76,27.0,0,-4615826.418163434,28,27,28,30,0,-0.6450000000004366,18293.285678025335,-6.37925768387514E-6,1.8189894E-12,0.0,98.58215487003326,1.1558882892131805,-17.277045272290707,NLOS,
23,40.0,2,-4640078.8969598375,32,31,32,50,26,-0.41200000000026193,17793.96314219013,-8.68464348239379E-5,5.509627E-13,0.0,395.1318906508386,-3.405185516923666,111.74892798811197,LOS,
31,40.0,2,-4516796.819547694,32,31,32,41,0,-0.32400000000052387,18328.536566812545,3.2391641509191445E-4,-1.5366935E-12,0.0,137.2822003699839,-2.2245888002216816,-26.72405279800296,NLOS,
1,78.0,2,-4634937.417286955,43,42,43,44,19,-0.08799999999973807,18126.702705610543,-9.345324208687453E-6,9.5568735E-13,0.0,67.79605334252119,0.20969216898083687,10.11342816054821,LOS,
3,48.0,2,-4574127.016339466,35,34,35,37,7,-0.17799999999988358,17904.383123010397,1.9360078592338894E-4,2.1949524E-11,0.0,289.45989237725735,0.1965041346848011,41.425678707659245,NLOS,
4,64.0,2,-4634137.887254875,48,47,48,49,42,-0.0930000000007567,18553.357481107116,-6.7730572554287105E-6,2.4472557E-13,0.0,358.9248476549983,0.2195267453789711,-18.27037137001753,LOS,
8,44.0,2,-4627527.62446988,39,38,39,49,37,-0.08099999999831198,17888.612870007753,1.7159255368116362E-5,4.6850583E-12,0.0,305.82289208099246,0.19596464186906815,546.1936706714332,NLOS,
9,9.0,2,-4655717.18869723,42,41,43,47,41,-0.16999999999825377,17617.539453756064,-7.84013808293829E-5,-1.1733463E-11,0.0,576.7886219136417,0.13385793566703796,87.3998843319714,LOS,
73,26.0,0,-4596996.116453156,28,27,28,37,4,-0.31599999999889405,18549.994339480996,1.1720259317371514E-4,1.8189894E-12,0.0,355.590608779341,-4.845648501068354,6.923801213502884,NLOS,
74,48.0,0,-4621183.934088089,37,37,37,46,10,-0.09400000000096043,18468.977018922567,3.6716764952870875E-5,1.8189894E-12,0.0,274.5732882246375,4.200563225895166,65.69715965539217,LOS,
75,32.0,0,-4773281.241165973,24,23,24,29,7,-0.6090000000003783,17652.051074061543,-4.707702091764076E-4,-9.094947E-13,0.0,542.3534746207297,3.545308403670788,22.23686033859849,LOS,
76,27.0,0,-4634021.8816891685,28,27,28,30,0,0.272000000000844,18296.1498850286,-6.379255864885779E-6,1.8189894E-12,0.0,101.74615432694554,3.163999456912279,-16.217250239104033,NLOS,
23,40.0,2,-4658277.638862386,32,31,32,50,26,-0.09400000000096043,17793.8784975335,-8.684643427297521E-5,5.509627E-13,0.0,396.0246173851192,-0.8927267342805862,116.08671969175339,LOS,
31,40.0,2,-4534992.976148777,32,31,32,41,0,-0.059000000001105946,18328.4863813892,3.2391641355522104E-4,-1.5366935E-12,0.0,136.01679813861847,-1.2654022313654423,-24.97218842059374,NLOS,
1,78.0,2,-4653131.5589423105,43,42,43,44,19,0.10500000000320142,18126.808201923966,-9.345323253000176E-6,9.5568735E-13,0.0,67.97659856081009,-0.18054521828889847,9.551301546394825,LOS,
3,48.0,2,-4592322.191083085,35,34,35,37,7,0.01999999999679858,17904.402332909405,1.9360080787291222E-4,2.1949524E-11,0.0,289.33315163478255,0.1267407424747944,41.90293414890766,NLOS,
4,64.0,2,-4652332.0911972225,48,47,48,49,42,0.08899999999994179,18553.448285914958,-6.773057010703143E-6,2.4472557E-13,0.0,358.7279384993017,-0.19690915569663048,-18.770424131304026,LOS,
8,44.0,2,-4645721.639583498,39,38,39,49,37,0.07099999999991269,17888.68254290521,1.7159260053174585E-5,4.6850583E-12,0.0,306.1080150678754,-0.28512298688292503,545.5061203576624,NLOS,
9,9.0,2,-4673911.4779989645,42,41,42,47,41,0.03499999999985448,17617.574906293303,-7.840139256284563E-5,-1.1733463E-11,0.0,577.0737739615142,-0.28515204787254333,86.9815999828279,LOS,
73,26.0,0,-4615185.932298385,29,28,28,37,4,0.32400000000052387,18543.926347907633,1.172025949927045E-4,1.8189894E-12,0.0,349.2228247486055,-6.367784030735493,2.0361232832074165,NLOS,
74,48.0,0,-4639380.946940985,38,37,37,46,10,0.625,18466.312988974154,3.671676677186024E-5,1.8189894E-12,0.0,271.6094658151269,-2.9638224095106125,68.00648939236999,LOS,
75,32.0,0,-4791474.141720124,24,24,24,29,7,0.2930000000014843,17648.64162541181,-4.7077021008590225E-4,-9.094947E-13,0.0,546.0627157241106,-3.7092411033809185,20.433073353022337,LOS,
76,27.0,0,-4652205.755693484,27,20,28,30,0,-0.06899999999950523,18284.717537846416,-6.379254045896417E-6,1.8189894E-12,0.0,90.01401468738914,-11.732139639556408,-27.046769082546234,NLOS,
23,40.0,2,-4676475.240241475,32,31,32,50,26,0.03900000000066939,17793.916889790446,-8.684643507062065E-5,5.5633189E-13,0.0,397.39448245987296,-1.3698650747537613,118.98379117622972,LOS,
31,40.0,2,-4553188.646978363,32,31,32,41,0,0.1110000000007858,18328.597700498998,3.239164120185276E-4,-1.5366935E-12,0.0,135.35652201250196,-0.6602761261165142,-24.005888003855944,NLOS,
1,78.0,2,-4671326.115004558,43,42,43,44,19,0.5409999999974389,18127.340119946748,-9.345322297312842E-6,9.5568735E-13,0.0,67.14953363314271,0.8270649276673794,9.703374281525612,LOS,
3,48.0,2,-4610517.764829937,35,34,35,37,7,0.44900000000052387,17904.842783469707,1.9360082982243686E-4,2.1949524E-11,0.0,288.6114909760654,0.7216606587171555,43.078985285013914,NLOS,
4,64.0,2,-4670526.708705857,48,47,48,49,42,0.5300000000024738,18553.9664875865,-6.773056765977563E-6,2.4472557E-13,0.0,359.5399863049388,0.8120478056371212,-18.55711815133691,LOS,
8,44.0,2,-4663916.05382023,39,38,39,49,37,0.5190000000002328,17889.193246860057,1.7159264738233095E-5,4.6850583E-12,0.0,305.3179591372609,0.7900559306144714,545.517485614866,NLOS,
9,9.0,2,-4692106.150758289,41,41,42,47,41,0.43400000000110595,17617.999090380967,-7.840140429630907E-5,-1.1733463E-11,0.0,576.3563012182713,0.717472743242979,87.24656568467617,LOS,
73,26.0,0,-4633375.564036116,29,28,29,37,4,0.9059999999990396,18543.746931284666,1.1720259681169397E-4,1.8189894E-12,0.0,349.3432005830109,0.12037583440542221,-2.735869687050581,NLOS,
74,48.0,0,-4657579.055335198,38,37,38,46,10,0.42599999999947613,18467.561870295554,3.671676859084971E-5,1.8189894E-12,0.0,273.15813959389925,1.5486737787723541,71.71115290373564,LOS,
75,32.0,0,-4809660.1247744635,24,23,24,29,7,0.10099999999874854,17641.824167482555,-4.70770210995397E-4,-9.094947E-13,0.0,552.5803811959922,-6.517665471881628,12.011579014360905,LOS,
76,27.0,0,-4670402.135156393,20,19,28,30,0,1.6409999999996217,18297.380176912993,-6.379252226906945E-6,1.8189894E-12,0.0,102.97644621133804,12.962431523948908,-25.071036875247955,NLOS,
23,40.0,2,-4694672.50799809,31,31,32,50,26,0.4860000000007858,17794.39306103438,-8.684643451428873E-5,5.5633189E-13,0.0,397.3771982677281,0.017284192144870758,121.84743855148554,LOS,
31,40.0,2,-4571384.30882651,32,31,32,41,0,0.5629999999982829,18329.151063144207,3.2391641048183406E-4,-1.5366935E-12,0.0,135.77262308448553,0.4161010719835758,-22.74877656623721,NLOS,
1,78.0,2,-4689520.951021582,43,42,43,44,19,0.407999999999447,18127.757111985236,-9.345321341625566E-6,9.5568735E-13,0.0,67.35628359764814,-0.20674996450543404,9.535816878080368,LOS,
3,48.0,2,-4628713.560113795,35,34,35,37,7,0.3140000000021246,17905.166386067867,1.9360085177196008E-4,2.1949524E-11,0.0,288.96663407981396,-0.35514310374855995,43.876988507807255,NLOS,
4,64.0,2,-4688721.629744507,48,47,48,49,42,0.39399999999659485,18554.37125259638,-6.773056521251996E-6,2.4472557E-13,0.0,359.3425648063421,-0.19742149859666824,-18.639867071062326,LOS,
8,44.0,2,-4682110.773939528,39,38,39,49,37,0.39099999999962165,17889.591992095113,1.715926942329131E-5,4.6850583E-12,0.0,305.5204713009298,-0.20251216366887093,545.2351485230029,NLOS,
9,9.0,0,-4710303.639264766,41,40,42,47,40,0.35499999999956344,17618.364315975457,-7.840141602977179E-5,-1.1733463E-11,0.0,574.1058388352394,2.250462383031845,89.72769362106919,LOS,
73,26.0,0,-4651565.172232058,30,29,29,37,4,-0.9249999999992724,18543.728039518,1.1720259863068333E-4,1.8189894E-12,0.0,348.72472390532494,-0.618476677685976,-8.130989357829094,NLOS,
74,48.0,0,-4675781.308214501,38,37,38,46,10,-0.5740000000005239,18471.859645497054,3.6716770409839065E-5,1.8189894E-12,0.0,276.8563298806548,3.698190286755562,78.9607165902853,LOS,
75,32.0,0,-4827863.226155654,24,23,24,29,7,0.5429999999978463,17659.04263292253,-4.707702119048917E-4,-9.094947E-13,0.0,535.9615006744862,16.61888052150607,20.108826607465744,LOS,
76,27.0,0,-4688595.842669327,19,18,27,30,0,0.13300000000162981,18294.86539518088,-6.379250407917585E-6,1.8189894E-12,0.0,99.86207956448197,-3.1143666468560696,-26.366839557886124,NLOS,
23,40.0,2,-4712868.174405154,37,31,32,50,26,0.35599999999976717,17794.758567806333,-8.684643395795686E-5,5.5633189E-13,0.0,399.51763052493334,-2.140432257205248,122.51015146449208,LOS,
31,40.0,2,-4589579.755890172,33,32,32,41,0,0.42400000000270666,18329.583521306515,3.2391640894514066E-4,-1.5366935E-12,0.0,135.08352134749293,-0.6891017369925976,-22.30603452771902,NLOS,
1,78.0,2,-4707714.63350936,43,42,43,44,19,-1.037000000000262,18126.719624053687,-9.345320385938294E-6,9.5568735E-13,0.0,67.79734555631876,-0.44106195867061615,8.814315143972635,LOS,
3,48.0,2,-4646907.789506961,35,34,35,37,7,-1.1350000000020373,17904.03201044351,1.9360087372148334E-4,2.1949524E-11,0.0,289.91004856675863,-0.9434144869446754,43.70868595317006,NLOS,
4,64.0,2,-4706915.40678671,48,47,48,49,42,-1.0540000000000873,18553.316237252206,-6.77305627652643E-6,2.4472557E-13,0.0,358.89679714664817,-0.4457676596939564,-19.267027519643307,LOS,
8,44.0,2,-4700304.359860074,39,38,39,49,37,-1.059000000001106,17888.534854613245,1.7159274108349526E-5,4.6850583E-12,0.0,305.96390134841204,-0.4434300474822521,544.418197594583,NLOS,
9,9.0,2,-4728496.599734291,41,40,41,47,40,-1.1130000000011933,17617.250666137785,-7.840142776323449E-5,-1.1733463E-11,0.0,578.0000194609165,-3.8941806256771088,88.28036952391267,LOS,
73,26.0,0,-4669751.769834306,30,29,30,37,4,-1.2269999999989523,18540.722120165825,1.172026004496727E-4,1.8189894E-12,0.0,346.31838946044445,-2.4063344448804855,-15.9371178150177,NLOS,
74,48.0,0,-4693981.101592999,38,37,38,46,10,-1.0679999999993015,18469.553434509784,3.671677222882843E-5,1.8189894E-12,0.0,275.14970380812883,-1.706626072525978,84.35036438703537,LOS,
75,32.0,0,-4846057.472752724,24,23,24,29,7,-2.032999999999447,17650.287983879447,-4.7077021281438636E-4,-9.094947E-13,0.0,544.1165647991002,-8.155064124614,19.950874999165535,LOS,
76,27.0,0,-4706783.81452493,19,18,20,30,0,-1.934000000001106,18289.286912430078,-6.3792485889282265E-6,1.8189894E-12,0.0,94.88318172842264,-4.978897836059332,-32.7987146563828,NLOS,
23,40.0,2,-4731061.385962427,37,36,37,50,26,-1.0900000000001455,17793.66978755966,-8.684643340162499E-5,5.5633189E-13,0.0,401.3124157935381,-1.7947852686047554,121.31759950146079,LOS,
31,40.0,2,-4607773.948023915,33,32,33,41,0,-1.02900000000227,18328.554762899876,3.2391640740844725E-4,-1.5366935E-12,0.0,134.553446367383,-0.53007498010993,-22.518637493252754,NLOS,
1,78.0,2,-4725908.211414926,43,42,43,44,19,0.020000000000436557,18126.72978420183,-9.345319430250957E-6,9.5568735E-13,0.0,67.18945859000087,0.6078869663178921,8.58781611174345,LOS,
3,48.0,2,-4665101.664385006,35,34,35,37,7,-0.0459999999984575,17903.97464538738,1.93600895671008E-4,2.1949524E-11,0.0,289.6421023271978,0.2679462395608425,43.78545319661498,NLOS,
4,64.0,2,-4725109.07855434,48,47,48,49,42,0.0,18553.308132063597,-6.7730560318008475E-6,2.4472557E-13,0.0,359.4897635243833,0.5929663777351379,-19.39987762644887,LOS,
8,44.0,2,-4718497.867706392,39,38,39,49,37,-0.016999999999825377,17888.506517857313,1.7159278793408044E-5,4.6850583E-12,0.0,305.3512146882713,0.6126866601407528,544.1227573528886,NLOS,
9,9.0,2,-4746689.98015463,41,40,41,47,40,-0.06899999999950523,17617.17173147574,-7.840143949669796E-5,-1.1733463E-11,0.0,576.9462437368929,1.0537757240235806,87.85258115455508,LOS,
73,26.0,0,-4687936.065022126,30,29,30,37,4,0.8539999999993597,18538.424406070262,1.1720260226866217E-4,1.8189894E-12,0.0,344.62026028707623,-1.6981291733682156,-25.446075778454542,NLOS,
74,48.0,0,-4712183.045231033,38,37,38,46,10,1.0780000000013388,18471.856984835118,3.67167740478179E-5,1.8189894E-12,0.0,278.0528390519321,2.9031352438032627,92.48985663801432,LOS,
75,32.0,0,-4864245.357398804,24,23,24,29,7,0.7340000000003783,17644.026161931455,-4.707702137238811E-4,-9.094947E-13,0.0,549.7788018360734,-5.662237036973238,14.030557312071323,LOS,
76,27.0,0,-4724996.048801046,19,18,19,30,0,0.10800000000017462,18313.70651436597,-6.379246769938751E-6,1.8189894E-12,0.0,119.90236858278513,25.019186854362488,-14.36858432367444,NLOS,
23,40.0,2,-4749254.412510507,37,36,37,50,26,-0.04299999999784632,17793.61751871556,-8.684643284529308E-5,5.5633189E-13,0.0,400.8373849391937,0.475030854344368,120.53962326422334,LOS,
31,40.0,2,-4625967.8803507425,33,32,33,41,0,0.02500000000145519,18328.570930812508,3.239164058717537E-4,-1.5366935E-12,0.0,135.0184973962605,0.4650510288774967,-22.391462460160255,NLOS,
1,78.0,2,-4744101.962114558,42,41,43,44,19,0.28700000000026193,18127.02718411386,-9.34531847456368E-6,9.5568735E-13,0.0,67.20355799421668,-0.014099404215812683,8.234318692237139,LOS,
3,48.0,2,-4683295.567270551,35,34,35,37,7,0.1709999999984575,17904.155831914395,1.936009176205313E-4,2.1949524E-11,0.0,289.8909701965749,-0.24886786937713623,43.59043548256159,NLOS,
4,64.0,2,-4743302.945078824,48,47,48,49,42,0.27700000000186265,18553.59312620014,-6.77305578707528E-6,2.4472557E-13,0.0,359.4833271726966,-0.00643635168671608,-19.63776333630085,LOS,
8,44.0,2,-4736691.608954001,39,38,39,49,37,0.26900000000023283,17888.786919992417,1.7159283478466276E-5,4.6850583E-12,0.0,305.3263792581856,0.024835430085659027,543.7609259448946,NLOS,
9,9.0,2,-4764883.531847063,41,40,41,47,40,0.2069999999985157,17617.388471979648,-7.840145123016071E-5,-1.1733463E-11,0.0,577.0404450595379,-0.09420132264494896,87.29627242311835,LOS,
73,26.0,0,-4706126.218356587,30,30,30,37,4,0.12099999999918509,18544.287211153656,1.1720260408765153E-4,1.8189894E-12,0.0,350.18327291309834,5.5630126260221004,-29.396679557859898,NLOS,
74,48.0,0,-4730383.137595594,38,37,38,46,10,0.33799999999973807,18470.15895137936,3.671677586680727E-5,1.8189894E-12,0.0,276.05501313507557,-1.9978259168565273,98.47828295454383,LOS,
75,32.0,0,-4882443.868697707,24,23,24,29,7,0.4690000000009604,17654.753041964024,-4.7077021463337576E-4,-9.094947E-13,0.0,539.3517142534256,10.4270875826478,18.437099996954203,LOS,
76,27.0,0,-4743201.149849467,19,18,19,30,0,2.065999999998894,18306.73045546934,-6.379244950949385E-6,1.8189894E-12,0.0,112.62651722505689,-7.275851357728243,-3.3714741468429565,NLOS,
23,40.0,2,-4767447.148064312,37,36,37,50,26,0.23999999999796273,17793.867197368294,-8.68464322889612E-5,5.5633189E-13,0.0,401.36766436323524,-0.5302794240415096,119.17086029052734,LOS,
31,40.0,2,-4644162.015236486,33,32,33,41,0,0.3070000000006985,18328.886475659907,3.2391640433506027E-4,-1.5366935E-12,0.0,135.04651403427124,0.02801663801074028,-22.36152096837759,NLOS,
1,78.0,2,-4762296.013509188,42,41,43,44,19,0.41600000000107684,18127.434644162655,-9.345317518876342E-6,9.5568735E-13,0.0,66.78996583074331,0.4135921634733677,8.181516267359257,LOS,
3,48.0,2,-4701489.637346666,35,34,35,37,7,0.342000000000553,17904.489363640547,1.93600939570056E-4,2.1949524E-11,0.0,289.7008934095502,0.1900767870247364,43.56260833516717,NLOS,
4,64.0,2,-4761497.115921464,48,47,48,49,42,0.4059999999990396,18553.991615906358,-6.773055542349699E-6,2.4472557E-13,0.0,359.8862765952945,0.40294942259788513,-19.57133089378476,LOS,
8,44.0,2,-4754885.728791818,39,38,39,49,37,0.40899999999965075,17889.184984575957,1.7159288163524797E-5,4.6850583E-12,0.0,304.8565871678293,0.46979209035634995,543.7776847444475,NLOS,
9,9.0,2,-4783077.815068822,41,40,41,47,40,0.3460000000013679,17617.725563969463,-7.840146296362418E-5,-1.1733463E-11,0.0,576.2746600136161,0.7657850459218025,87.47149301692843,LOS,
73,26.0,0,-4724320.98377439,30,29,30,37,4,0.05800000000090222,18548.90399847552,1.1720260590664102E-4,1.8189894E-12,0.0,354.8000602312386,4.616787318140268,-28.735199999064207,NLOS,
74,48.0,0,-4748583.225514136,37,37,38,46,10,0.29799999999886495,18470.307761266828,3.671677768579675E-5,1.8189894E-12,0.0,276.2038230262697,0.14880989119410515,104.46226325631142,LOS,
75,32.0,0,-4900637.00140889,24,23,24,29,7,0.6719999999986612,17649.474645320326,-4.707702155428705E-4,-9.094947E-13,0.0,544.6301109045744,-5.278396651148796,17.46505495533347,LOS,
76,27.0,0,-4761396.233652294,19,19,19,30,0,-0.7190000000009604,18296.870391137898,-6.379243131959908E-6,1.8189894E-12,0.0,102.76645289734006,-9.860064327716827,-2.391609560698271,NLOS,
23,40.0,2,-4785640.066571254,37,37,37,50,26,0.37299999999959255,17794.229351792485,-8.684643173262928E-5,5.5633189E-13,0.0,401.12425054237247,0.24341382086277008,117.98505045473576,LOS,
31,40.0,2,-4662356.3791862205,33,32,33,41,0,0.4389999999984866,18329.317730754614,3.2391640279836676E-4,-1.5366935E-12,0.0,135.4008386693895,0.3543246351182461,-22.1025154851377,NLOS,
1,78.0,2,-4780490.278987154,42,41,42,44,19,0.3070000000006985,18127.749188929796,-9.345316563189066E-6,9.5568735E-13,0.0,66.46297085285187,0.32699497789144516,8.342797178775072,LOS,
3,48.0,2,-4719683.610362548,35,34,35,37,7,0.20700000000215368,17904.70566992089,1.9360096151957928E-4,2.1949524E-11,0.0,289.7750275917351,-0.07413418218493462,43.43772095814347,NLOS,
4,64.0,2,-4779691.483966872,48,48,48,49,42,0.282999999999447,18554.28386344388,-6.7730552976241315E-6,2.4472557E-13,0.0,360.18205481395125,0.29577821865677834,-19.30769567936659,LOS,
8,44.0,2,-4773080.080183789,39,38,39,49,37,0.26299999999901047,17889.457804001868,1.7159292848583023E-5,4.6850583E-12,0.0,304.5337814241648,0.3228057436645031,544.025997698307,NLOS,
9,9.0,2,-4801272.574953802,41,40,41,47,40,0.21700000000055297,17617.95113653317,-7.84014746970869E-5,-1.1733463E-11,0.0,575.7636636830866,0.5109963305294514,88.12337683141232,LOS,
73,26.0,0,-4742515.552447293,30,29,30,37,4,0.9029999999984284,18548.711916659027,1.1720260772563038E-4,1.8189894E-12,0.0,354.60797841846943,-0.19208181276917458,-28.270465336740017,NLOS,
74,48.0,0,-4766777.439286459,37,36,38,46,10,0.6779999999998836,18464.58682084456,3.671677950478611E-5,1.8189894E-12,0.0,270.48288260027766,-5.720940425992012,104.57209733501077,LOS,
75,32.0,0,-4918832.180211335,24,23,24,29,7,0.9629999999997381,17651.621024236083,-4.707702164523652E-4,-9.094947E-13,0.0,542.4837319850922,2.146378919482231,18.53910117968917,LOS,
76,27.0,0,-4779586.302223749,20,19,19,30,0,0.04100000000107684,18292.012328624725,-6.3792413129705445E-6,1.8189894E-12,0.0,97.90839038044214,-4.858062516897917,-6.426976349204779,NLOS,
23,40.0,2,-4803833.224937312,38,37,37,50,26,0.24400000000241562,17794.48289548233,-8.68464311762974E-5,5.5633189E-13,0.0,400.8238797225058,0.30037081986665726,117.03909973427653,LOS,
31,40.0,2,-4680551.035328452,34,33,33,41,0,0.2970000000022992,18329.622552972287,3.2391640126167335E-4,-1.5366935E-12,0.0,135.81826926767826,0.4174305982887745,-21.551317505538464,NLOS,
1,78.0,2,-4798684.566266656,42,41,42,44,19,0.11699999999837019,18127.866251353174,-9.34531560750179E-6,9.5568735E-13,0.0,66.32825554162264,0.13471531122922897,8.525879625231028,LOS,
3,48.0,2,-4737877.557017654,35,34,35,37,7,0.03299999999944703,17904.738271776587,1.9360098346910256E-4,2.1949524E-11,0.0,289.7784759514034,-0.0034483596682548523,43.28647280484438,NLOS,
4,64.0,2,-4797885.862251259,49,48,48,49,42,0.11000000000058208,18554.392131105065,-6.773055052898565E-6,2.4472557E-13,0.0,360.290879804641,0.10882499068975449,-19.033821489661932,LOS,
8,44.0,2,-4791274.449814808,40,39,39,49,37,0.10599999999976717,17889.563757557422,1.715929753364125E-5,4.6850583E-12,0.0,304.4242973551154,0.10948406904935837,544.2925496995449,NLOS,
9,9.0,2,-4819467.242345251,41,40,41,47,40,0.04499999999825377,17617.995707135648,-7.840148643054963E-5,-1.1733463E-11,0.0,575.8218531124294,-0.058189429342746735,88.68276711180806,LOS,
73,26.0,0,-4760706.07611084,30,29,30,37,4,-1.5380000000004657,18544.671594828367,1.1720260954461974E-4,1.8189894E-12,0.0,350.56765658408403,-4.040321834385395,-31.850740034133196,NLOS,
74,48.0,0,-4784969.2239341475,37,36,37,46,10,-0.7789999999986321,18462.310901790857,3.671678132377547E-5,1.8189894E-12,0.0,268.2069635465741,-2.2759190537035465,102.25280677899718,LOS,
75,32.0,0,-4937031.482540425,24,23,24,29,7,-1.4399999999986903,17655.844834763557,-4.7077021736185987E-4,-9.094947E-13,0.0,538.2599214576185,4.223810527473688,23.736674048006535,LOS,
76,27.0,0,-4797769.649050459,20,19,20,30,0,-1.0349999999998545,18285.44775912538,-6.3792394939811825E-6,1.8189894E-12,0.0,91.34382088109851,-6.564569499343634,-17.18408788368106,NLOS,
23,40.0,2,-4822026.347514883,39,38,38,50,26,0.07099999999991269,17794.55405113846,-8.684643061996554E-5,5.5633189E-13,0.0,400.7991793304682,0.02470039203763008,116.0573605261743,LOS,
31,40.0,2,-4698745.703958306,34,33,34,41,0,0.13299999999799184,18329.755449861288,3.239163997249799E-4,-1.5366935E-12,0.0,135.9559973962605,0.13772812858223915,-20.987631902098656,NLOS,
1,78.0,2,-4816877.99559021,42,41,42,44,19,-0.7439999999987776,18127.112663354725,-9.345314651814455E-6,9.5568735E-13,0.0,67.07329553738236,-0.7450399957597256,7.851006127893925,LOS,
3,48.0,2,-4756070.675670322,34,33,35,37,7,-0.8430000000007567,17903.885411325842,1.9360100541862717E-4,2.1949524E-11,0.0,290.5835795737803,-0.8051036223769188,42.307222209870815,NLOS,
4,64.0,2,-4816079.381167479,49,48,49,49,42,-0.7599999999983993,18553.622811570764,-6.773054808172983E-6,2.4472557E-13,0.0,359.53010818362236,-0.7607716210186481,-19.619315464049578,LOS,
8,44.0,2,-4809467.990820881,41,40,40,49,37,-0.7680000000000291,17888.786233328283,1.715930221869976E-5,4.6850583E-12,0.0,305.1616838276386,-0.7373864725232124,543.7304767593741,NLOS,
9,9.0,2,-4837660.96346895,41,40,41,47,40,-0.8240000000005239,17617.161945868284,-7.840149816401309E-5,-1.1733463E-11,0.0,576.733845718205,-0.9119926057755947,88.2958896458149,LOS,
73,26.0,0,-4778899.806660917,30,29,30,37,4,0.3830000000016298,18547.883193288,1.1720261136360921E-4,1.8189894E-12,0.0,353.77925504371524,3.2115984596312046,-32.22412820160389,NLOS,
74,48.0,0,-4803164.898450505,37,36,37,46,10,-0.18400000000110595,18466.353975772858,3.6716783142764944E-5,1.8189894E-12,0.0,272.25003753229976,4.043073985725641,103.82338489592075,LOS,
75,32.0,0,-4955224.547227718,25,24,24,29,7,-0.6850000000013097,17649.707473129034,-4.707702182713546E-4,-9.094947E-13,0.0,544.3972830921412,-6.1373616345226765,22.696605119854212,LOS,
76,27.0,0,-4815955.168621443,20,19,20,30,0,0.1820000000006985,18287.777685031295,-6.3792376749917095E-6,1.8189894E-12,0.0,93.67374679073691,2.329925909638405,-25.768455140292645,NLOS,
23,40.0,2,-4840218.583149649,39,38,39,50,26,-0.7950000000018917,17793.749315962195,-8.684643006363362E-5,5.5633189E-13,0.0,401.625656042248,-0.8264767117798328,114.18867851793766,LOS,
31,40.0,2,-4716939.580426589,34,33,34,41,0,-0.7269999999989523,18329.019219383597,3.239163981882864E-4,-1.5366935E-12,0.0,135.28907873108983,-0.6669186651706696,-21.21610787138343,NLOS,
1,78.0,2,-4835070.656631153,42,41,42,44,19,-0.6700000000018917,18126.453780267388,-9.345313696127176E-6,9.5568735E-13,0.0,66.82927066087723,0.2440248765051365,7.30722739174962,LOS,
3,48.0,2,-4774263.163770385,34,33,35,37,7,-0.7520000000004075,17903.14158847928,1.9360102736815053E-4,2.1949524E-11,0.0,290.29181717708707,0.2917623966932297,41.59679638966918,NLOS,
4,64.0,2,-4834272.135732595,49,48,49,49,42,-0.680000000000291,18552.953471776098,-6.7730545634474155E-6,2.4472557E-13,0.0,359.7636763751507,0.2335681915283203,-20.0697831697762,LOS,
8,44.0,2,-4827660.781129856,41,40,41,49,37,-0.6849999999976717,17888.10991339013,1.7159306903757995E-5,4.6850583E-12,0.0,304.92171654477715,0.23996728286147118,543.3170840889215,NLOS,
9,9.0,2,-4855853.893361591,42,41,41,47,40,-0.7459999999991851,17616.426620699465,-7.840150989747586E-5,-1.1733463E-11,0.0,576.5913489609957,0.142496757209301,88.01715849339962,LOS,
73,26.0,0,-4797090.6347332895,30,29,30,37,4,-0.9330000000009022,18544.98538783565,1.1720261318259858E-4,1.8189894E-12,0.0,351.7808269672096,-1.998428076505661,-34.600616697221994,NLOS,
74,48.0,0,-4821357.697798442,37,36,37,46,10,-0.7770000000018626,18463.63196342811,3.6716784961754314E-5,1.8189894E-12,0.0,270.4274025596678,-1.8226349726319313,103.41817196458578,LOS,
75,32.0,0,-4973423.425571844,25,24,25,29,7,0.3569999999999709,17655.62150469795,-4.707702191808493E-4,-9.094947E-13,0.0,537.5838741511106,6.813408941030502,28.369570396840572,LOS,
76,27.0,0,-4834148.2184012905,21,20,20,30,0,-0.20700000000215368,18295.465063411742,-6.379235856002342E-6,1.8189894E-12,0.0,102.26050254330039,8.586755752563477,-25.923236161470413,NLOS,
23,40.0,2,-4858410.025168914,40,39,39,50,26,-0.7229999999981374,17793.036656495184,-8.684642950730173E-5,5.5633189E-13,0.0,401.45937856286764,0.1662774793803692,112.42575837671757,LOS,
31,40.0,2,-4735132.5384778455,35,34,34,41,0,-0.6460000000006403,18328.38211388141,3.2391639665159297E-4,-1.5366935E-12,0.0,135.39525986090302,0.10618112981319427,-21.463623490184546,NLOS,
1,78.0,2,-4853263.546364676,42,41,42,44,19,0.3360000000029686,18126.78797223419,-9.345312740439895E-6,9.5568735E-13,0.0,66.18785334378481,0.6414173170924187,7.2919336929917336,LOS,
3,48.0,2,-4792456.15712871,34,33,34,37,7,0.2540000000008149,17903.39661166817,1.9360104931767395E-4,2.1949524E-11,0.0,289.46384229138494,0.8279748857021332,41.691421285271645,NLOS,
4,64.0,2,-4852465.108085647,49,48,49,49,42,0.3169999999990978,18553.268882837147,-6.773054318721848E-6,2.4472557E-13,0.0,360.37980899214745,0.6161326169967651,-20.002670481801033,LOS,
8,44.0,2,-4845853.796232745,42,41,41,49,37,0.3099999999976717,17888.420784879476,1.7159311588816248E-5,4.6850583E-12,0.0,304.305849570781,0.6158669739961624,543.4282777942717,NLOS,
9,9.0,2,-4874047.049386106,42,41,42,47,40,0.26299999999901047,17616.690047498792,-7.840152163093865E-5,-1.1733463E-11,0.0,576.0311028622091,0.5602460987865925,88.26435167714953,LOS,
73,26.0,0,-4815288.764441472,30,30,30,37,4,0.049999999999272404,18552.291720107198,1.1720261500158795E-4,1.8189894E-12,0.0,359.38695169985294,7.606124732643366,-29.375676922500134,NLOS,
74,48.0,0,-4839552.370872837,37,36,37,46,10,0.8980000000010477,18465.65884552896,3.6716786780743684E-5,1.8189894E-12,0.0,272.7540771178901,2.326674558222294,105.18647794798017,LOS,
75,32.0,0,-4991616.549958665,25,24,25,29,7,0.5120000000024447,17649.967918664217,-4.70770220090344E-4,-9.094947E-13,0.0,542.9376677237451,-5.3537935726344585,28.588370829820633,LOS,
76,27.0,0,-4852334.09113498,21,20,21,30,0,1.15400000000227,18288.44519308582,-6.379234037012969E-6,1.8189894E-12,0.0,95.54042467474937,-6.720077868551016,-32.95527088269591,NLOS,
23,40.0,2,-4876601.561749671,40,39,40,50,26,0.2809999999990396,17793.317141283303,-8.684642895096985E-5,5.5633189E-13,0.0,401.00453159958124,0.45484696328639984,111.0571921877563,LOS,
31,40.0,2,-4753325.497206517,35,34,35,41,0,0.33799999999973807,18328.721524208784,3.239163951148995E-4,-1.5366935E-12,0.0,135.82095281034708,0.42569294944405556,-21.41066923737526,NLOS,
1,78.0,2,-4871455.985223874,42,41,42,44,19,-0.3460000000013679,18126.434051901102,-9.345311784752555E-6,9.5568735E-13,0.0,66.52579299360514,-0.33793964982032776,6.825765669345856,LOS,
3,48.0,2,-4810648.825017363,34,33,34,37,7,-0.4530000000013388,17902.933317407966,1.936010712671987E-4,2.1949524E-11,0.0,289.7664003185928,-0.3025580272078514,41.46057650819421,NLOS,
4,64.0,2,-4870657.614641115,49,48,49,49,42,-0.3580000000001746,18552.903133239597,-6.773054073996265E-6,2.4472557E-13,0.0,360.01257279515266,-0.3672361969947815,-20.401355374604464,LOS,
8,44.0,2,-4864046.338027682,42,41,42,49,37,-0.3629999999975553,17888.04767159745,1.7159316273874782E-5,4.6850583E-12,0.0,304.68788236379623,-0.3820327930152416,543.066163547337,NLOS,
9,9.0,2,-4892239.70089528,42,41,42,47,40,-0.42699999999967986,17616.251788597554,-7.840153336440216E-5,-1.1733463E-11,0.0,576.5013232901692,-0.4702204279601574,88.00702951475978,LOS,
73,26.0,0,-4833486.568716496,30,30,30,37,4,-1.1009999999987485,18551.97100648284,1.1720261682057744E-4,1.8189894E-12,0.0,359.0662380680442,-0.3207136318087578,-24.47617031261325,NLOS,
74,48.0,0,-4857748.178817429,37,36,37,46,10,-1.2180000000007567,18466.946870084852,3.671678859973317E-5,1.8189894E-12,0.0,274.0421016737819,1.2880245558917522,108.08965412899852,LOS,
75,32.0,0,-5009808.144378141,25,24,25,29,7,-0.9530000000013388,17648.538320876658,-4.7077022099983873E-4,-9.094947E-13,0.0,544.3672655150294,-1.4295977912843227,27.277203913778067,LOS,
76,27.0,0,-4870528.1138415,21,20,21,30,0,-1.5859999999993306,18296.752347759902,-6.379232218023487E-6,1.8189894E-12,0.0,103.84757934883237,8.307154674082994,-31.837332773953676,NLOS,
23,40.0,2,-4894792.449638404,40,39,40,50,26,-0.40200000000186265,17792.906009804457,-8.684642839463793E-5,5.5633189E-13,0.0,401.59275195002556,-0.5882203504443169,109.03993397578597,LOS,
31,40.0,2,-4771517.644618917,35,34,35,41,0,-0.33799999999973807,18328.374558646232,3.23916393578206E-4,-1.5366935E-12,0.0,135.1348615027964,-0.6860913075506687,-22.169031258672476,NLOS,
1,78.0,2,-4889648.524480905,42,41,42,44,19,0.20100000000093132,18126.64368197322,-9.345310829065272E-6,9.5568735E-13,0.0,65.71286142989993,0.8129315637052059,7.059580393135548,LOS,
3,48.0,2,-4828841.792750686,34,34,34,37,7,0.125,17903.067874014378,1.936010932167221E-4,2.1949524E-11,0.0,288.84402007982135,0.9223802387714386,42.129161320626736,NLOS,
4,64.0,2,-4888850.212995194,49,48,49,49,42,0.17799999999988358,18553.090279199183,-6.773053829270696E-6,2.4472557E-13,0.0,360.80246272310615,0.7898899279534817,-20.108656741678715,LOS,
8,44.0,2,-4882238.967813749,42,41,42,49,37,0.17399999999906868,17888.231632065028,1.715932095893304E-5,4.6850583E-12,0.0,303.90898248180747,0.7788998819887638,543.3916253447533,NLOS,
9,9.0,2,-4910432.394087128,42,41,42,47,40,0.11300000000119326,17616.37578412518,-7.840154509786497E-5,-1.1733463E-11,0.0,575.8256850875914,0.6756382025778294,88.39097494632006,LOS,
73,26.0,0,-4851682.986529622,30,30,30,37,4,0.7319999999999709,18550.58922414854,1.1720261863956681E-4,1.8189894E-12,0.0,358.28404065594077,-0.7821974121034145,-20.363540679216385,NLOS,
74,48.0,0,-4875942.370686606,36,35,37,46,10,0.8569999999999709,18465.483899462968,3.671679041872254E-5,1.8189894E-12,0.0,273.1787159666419,-0.8633857071399689,109.97633980959654,LOS,
75,32.0,0,-5028005.594235085,25,24,25,29,7,-0.23999999999796273,17654.494222786278,-4.7077022190933343E-4,-9.094947E-13,0.0,537.8117786869407,6.55548682808876,32.421059384942055,LOS,
76,27.0,0,-4888716.799668297,21,20,21,30,0,0.4859999999971478,18291.572637595236,-6.379230399034112E-6,1.8189894E-12,0.0,99.2674540989101,-4.5801252499222755,-35.45668947324157,NLOS,
23,40.0,2,-4912983.297718823,40,39,40,50,26,0.1540000000022701,17793.069249115884,-8.684642783830606E-5,5.5633189E-13,0.0,400.972453918308,0.6202980317175388,107.58245236426592,LOS,
31,40.0,2,-4789709.744140457,35,34,35,41,0,0.2180000000007567,18328.602014765143,3.2391639204151253E-4,-1.5366935E-12,0.0,135.8117582127452,0.6768967099487782,-22.37569922208786,NLOS,
1,78.0,2,-4907840.920265358,42,41,42,44,19,-0.043000000001484295,18126.60219712183,-9.34530987337799E-6,9.5568735E-13,0.0,65.74338291585445,-0.030521485954523087,7.149922538548708,LOS,
3,48.0,2,-4847034.749661729,35,34,34,37,7,-0.1290000000008149,17902.93907115236,1.9360111510943748E-4,2.1947418E-11,0.0,288.8355174958706,0.00850258395075798,42.7869068197906,NLOS,
4,64.0,2,-4907042.662424799,49,48,49,49,42,-0.046999999998661224,18553.04265818,-6.773053584545127E-6,2.4472557E-13,0.0,360.7520542740822,-0.05040844902396202,-19.96488258615136,LOS,
8,44.0,2,-4900431.389833614,42,41,42,49,37,-0.06299999999828287,17888.16870078072,1.7159325643991295E-5,4.6850583E-12,0.0,304.0254307426512,-0.11644826084375381,543.5093209408224,NLOS,
9,9.0,2,-4928624.923363112,42,41,42,47,40,-0.11300000000119326,17616.260891210288,-7.840155683132778E-5,-1.1733463E-11,0.0,575.9552580267191,-0.12957293912768364,88.61100451275706,LOS,
73,26.0,0,-4869876.943805609,30,30,30,37,4,-0.3400000000001455,18548.133390124887,1.1720262045855619E-4,1.8189894E-12,0.0,355.8282066322863,-2.455834023654461,-18.711448185145855,NLOS,
74,48.0,0,-4894140.531702563,36,35,37,46,10,-0.25799999999799184,18469.606150083244,3.6716792237711914E-5,1.8189894E-12,0.0,277.30096659064293,4.122250624001026,115.83217227458954,LOS,
75,32.0,0,-5046200.82751561,25,25,25,29,7,0.5969999999979336,17652.378108292818,-4.7077022281882813E-4,-9.094947E-13,0.0,539.9278931766748,-2.116114489734173,35.348338440060616,LOS,
76,27.0,0,-4906910.208309595,21,20,21,30,0,-0.09100000000034925,18296.452627785504,-6.379228580044738E-6,1.8189894E-12,0.0,104.14744429290295,4.879990193992853,-34.35323166847229,NLOS,
23,40.0,2,-4931173.946469441,40,39,40,50,26,-0.09500000000116415,17792.974272727966,-8.684642728197418E-5,5.5633189E-13,0.0,401.11128421127796,-0.1388302929699421,105.92564095184207,LOS,
31,40.0,2,-4807901.78848435,35,34,35,41,0,-0.030999999999039574,18328.571326233447,3.239163905048191E-4,-1.5366935E-12,0.0,135.88178526610136,0.07002705335617065,-22.637544829398394,NLOS,
1,78.0,2,-4926033.214132328,42,41,42,44,19,-0.0020000000004074536,18126.5890757069,-9.345308917690647E-6,9.5568735E-13,0.0,65.7323471866548,0.011035729199647903,7.138347201049328,LOS,
3,48.0,2,-4865227.366098553,35,34,35,37,7,-0.1099999999969441,17902.820036366582,1.936011370568563E-4,2.1947418E-11,0.0,289.14964903891087,-0.3141315430402756,43.10419449955225,NLOS,
4,64.0,2,-4925234.9898558855,49,48,49,49,42,-0.01900000000023283,18553.01435474679,-6.773053339819545E-6,2.4472557E-13,0.0,360.7285823561251,-0.02347191795706749,-19.943106945604086,LOS,
8,44.0,2,-4918623.658593673,42,41,42,49,37,-0.017000000003463356,17888.141129281372,1.715933032904984E-5,4.6850583E-12,0.0,304.0873793065548,-0.061948563903570175,543.4737567305565,NLOS,
9,9.0,2,-4946817.349907067,42,41,42,47,40,-0.08099999999831198,17616.17147492245,-7.840156856479131E-5,-1.1733463E-11,0.0,576.0236763097346,-0.06841828301548958,88.7283020503819,LOS,
73,26.0,0,-4888072.866279338,30,30,30,37,4,1.184000000001106,18550.1033154577,1.1720262227754567E-4,1.8189894E-12,0.0,357.7981319613755,1.9699253290891647,-15.094157952815294,NLOS,
74,48.0,0,-4912335.733341113,36,35,36,46,10,0.4239999999990687,18466.79987629503,3.67167940567014E-5,1.8189894E-12,0.0,274.4946927987039,-2.80627379193902,118.7286273278296,LOS,
75,32.0,0,-5064391.399310969,26,25,25,29,7,0.46299999999973807,17647.81708113849,-4.7077022372832284E-4,-9.094947E-13,0.0,544.4889203384519,-4.5610271617770195,33.614132322371006,LOS,
76,27.0,0,-4925118.74925454,21,20,21,30,0,-0.5180000000000291,18311.74211353436,-6.379226761055252E-6,1.8189894E-12,0.0,119.43693003803492,15.28948574513197,-18.11747021973133,NLOS,
23,40.0,2,-4949364.57460358,40,39,40,50,26,-0.046999999998661224,17792.917505316436,-8.684642672564226E-5,5.5633189E-13,0.0,401.0714241527021,0.03986005857586861,104.24821306020021,LOS,
31,40.0,2,-4826093.825991627,35,34,35,41,0,0.01599999999962165,18328.577459916472,3.2391638896812555E-4,-1.5366935E-12,0.0,136.00015576556325,0.11837049946188927,-22.90622705593705,NLOS,
1,78.0,2,-4944226.255515173,42,41,42,44,19,0.8559999999997672,18127.454018987715,-9.345307962003366E-6,9.5568735E-13,0.0,65.17165634408593,0.5606908425688744,7.574495282024145,LOS,
3,48.0,0,-4883418.533627499,35,34,35,37,7,0.7639999999992142,17903.594412449747,1.9360115900427376E-4,2.1947418E-11,0.0,290.8753910921514,-1.7257420532405376,41.672781843692064,NLOS,
4,64.0,2,-4943428.062138032,49,48,49,49,42,0.8359999999993306,18553.85897734016,-6.773053095093976E-6,2.4472557E-13,0.0,361.27211159467697,0.5435292385518551,-19.476272702217102,LOS,
8,44.0,2,-4936816.623028483,42,41,42,49,37,0.8260000000009313,17888.977779380977,1.71593350141081E-5,4.6850583E-12,0.0,303.60013641417027,0.4872428923845291,543.8340748138726,NLOS,
9,9.0,2,-4965010.535188388,42,41,42,47,40,0.7680000000000291,17616.948808211833,-7.840158029825412E-5,-1.1733463E-11,0.0,575.5303405821323,0.4933357276022434,89.30454449728131,LOS,
73,26.0,0,-4906268.219510432,30,29,30,37,4,-1.1820000000006985,18549.538759540766,1.1720262409653505E-4,1.8189894E-12,0.0,356.9337835870683,-0.8643483743071556,-12.345902811735868,NLOS,
74,48.0,0,-4930534.969726857,36,35,36,46,10,0.6130000000011933,18470.987676754594,3.6716795875690776E-5,1.8189894E-12,0.0,278.382700804621,3.8880080059170723,125.36003712192178,LOS,
75,32.0,0,-5082585.792656638,26,25,26,29,7,-0.7380000000011933,17651.739185608923,-4.7077022463781754E-4,-9.094947E-13,0.0,540.8666083216667,3.622312016785145,35.40168406069279,LOS,
76,27.0,0,-4943310.182580046,21,20,21,30,0,0.875,18294.791663568467,-6.379224942065875E-6,1.8189894E-12,0.0,102.18668761849403,-17.250242419540882,-19.28912066295743,NLOS,
23,40.0,2,-4967556.318125974,40,40,40,50,26,0.7929999999978463,17793.719359513372,-8.684642616931037E-5,5.5633189E-13,0.0,400.195301130414,0.876123022288084,103.38638096675277,LOS,
31,40.0,2,-4844286.653859694,35,34,35,41,0,0.8609999999971478,18329.447292972356,3.2391638743143214E-4,-1.5366935E-12,0.0,136.61590848490596,0.6157527193427086,-22.684340950101614,NLOS,
1,78.0,2,-4962418.519555859,42,41,42,44,19,-0.6899999999986903,18126.764374580234,-9.345307006316083E-6,9.5568735E-13,0.0,65.53623630851507,-0.3645799644291401,7.53309366106987,LOS,
3,48.0,2,-4901607.346711148,34,34,35,37,7,-0.7560000000012224,17902.837387058884,1.936011809516912E-4,2.1947418E-11,0.0,292.9070981964469,-2.031707104295492,38.186716347932816,NLOS,
4,64.0,2,-4961620.350197073,49,48,49,49,42,-0.6959999999999127,18553.163943018764,-6.773052850368408E-6,2.4472557E-13,0.0,360.88616091385484,-0.385950680822134,-19.493869110941887,LOS,
8,44.0,2,-4955008.755974654,41,40,42,49,37,-0.7049999999981083,17888.273323483765,1.7159339699166345E-5,4.6850583E-12,0.0,304.04047771915793,-0.440341304987669,543.6626967154443,NLOS,
9,9.0,2,-4983202.916877858,42,41,42,47,40,-0.7600000000020373,17616.188685156405,-7.840159203171691E-5,-1.1733463E-11,0.0,575.9997764714062,-0.4694358892738819,89.37698754668236,LOS,
73,26.0,0,-4924467.491031889,30,23,30,37,4,-0.16600000000107684,18553.461759917438,1.1720262591552441E-4,1.8189894E-12,0.0,361.1565764248371,4.222792837768793,-5.379564847797155,NLOS,
74,48.0,0,-4948731.167476755,36,35,36,46,10,-0.7459999999991851,18468.10209299624,3.6716797694680145E-5,1.8189894E-12,0.0,275.79690949991345,-2.585791304707527,129.2526035234332,LOS,
75,32.0,0,-5100775.662973367,26,25,26,29,7,0.23400000000037835,17647.31670866534,-4.7077022554731224E-4,-9.094947E-13,0.0,544.9892928078771,-4.122684486210346,32.96599931642413,LOS,
76,27.0,0,-4961505.6397595,21,20,21,30,0,0.3569999999999709,18298.972693040967,-6.379223123076504E-6,1.8189894E-12,0.0,106.66750954464078,4.480821926146746,-16.137124706059694,NLOS,
23,40.0,2,-4985747.750209462,41,40,40,50,26,-0.738999999997759,17792.982128486037,-8.684642561297851E-5,5.5633189E-13,0.0,400.14644204452634,0.04885908588767052,102.51290242373943,LOS,
31,40.0,2,-4862478.638480198,35,34,35,41,0,-0.6719999999986612,18328.77534881234,3.2391638632297534E-4,-1.5171533E-12,0.0,136.2425845079124,-0.3733239769935608,-23.005781568586826,NLOS,
1,78.0,2,-4980610.966158275,43,42,42,44,19,0.2809999999990396,18127.046718530357,-9.345306050628799E-6,9.5568735E-13,0.0,65.24069901928306,0.2955372892320156,7.674253772944212,LOS,
3,48.0,2,-4919796.555363663,34,33,35,37,7,0.17799999999988358,17903.01600790769,1.9360120289910868E-4,2.1947418E-11,0.0,292.48858058452606,0.4185176119208336,35.09621972218156,NLOS,
4,64.0,2,-4979812.810989544,49,48,49,49,42,0.26199999999880674,18553.42529785633,-6.77305260564284E-6,2.4472557E-13,0.0,361.1573642939329,0.2712033800780773,-19.338732086122036,LOS,
8,44.0,2,-4973201.018694468,41,40,42,49,37,0.25899999999819556,17888.53274204582,1.7159344384224608E-5,4.6850583E-12,0.0,303.8193386308849,0.2211390882730484,543.6210922598839,NLOS,
9,9.0,2,-5001395.448619157,42,41,42,47,40,0.20500000000174623,17616.39521702379,-7.840160376517974E-5,-1.1733463E-11,0.0,575.8153575211763,0.1844189502298832,89.5994824282825,LOS,
73,26.0,0,-4942667.509009056,23,22,30,37,4,-0.4330000000009022,18554.212929900736,1.1720262773451379E-4,1.8189894E-12,0.0,361.9077464044094,0.7511699795722961,2.333228822797537,NLOS,
74,48.0,0,-4966927.134218566,35,34,36,46,10,0.5159999999996217,18468.02412123978,3.671679951366952E-5,1.8189894E-12,0.0,275.7189377434552,-0.07797175645828247,132.9141618385911,LOS,
75,32.0,0,-5118967.075585082,26,25,26,29,7,-0.3429999999971187,17648.959582608193,-4.7077022645680694E-4,-9.094947E-13,0.0,543.346418865025,1.6428739428520203,32.072609558701515,LOS,
76,27.0,0,-4979702.103913162,21,21,21,30,0,0.3250000000007276,18300.13684327528,-6.3792213040871275E-6,1.8189894E-12,0.0,107.83165978267789,1.1641502380371094,-11.97815453633666,NLOS,
23,40.0,2,-5003939.377799135,41,41,41,50,26,0.23099999999976717,17793.211009766906,-8.684642505664662E-5,5.5633189E-13,0.0,399.89043057337403,0.2560114711523056,101.83493006974459,LOS,
31,40.0,2,-4880670.878153384,35,35,35,41,0,0.29500000000189175,18329.070557922125,3.239163848058221E-4,-1.5171533E-12,0.0,136.5805960148573,0.3380115069448948,-23.072292026132345,NLOS,
1,78.0,2,-4998803.787569016,43,42,43,44,19,0.47699999999895226,18127.514435887337,-9.345305094941459E-6,9.5568735E-13,0.0,64.7529127895832,0.4877862296998501,8.190222207456827,LOS,
3,48.0,0,-4937973.71772993,34,28,34,37,7,0.37700000000040745,17903.382377702743,1.936012248465275E-4,2.1947418E-11,0.0,304.5119304917753,-12.023349907249212,19.95943684503436,NLOS,
4,64.0,2,-4998005.6229092665,49,49,49,49,42,0.4570000000021537,18553.873603414744,-6.773052360917256E-6,2.4472557E-13,0.0,361.606970641762,0.44960634782910347,-18.832467809319496,LOS,
8,44.0,2,-4991393.627890918,41,40,41,49,37,0.4500000000007276,17888.97132183984,1.7159349069283152E-5,4.6850583E-12,0.0,303.38150212168694,0.43783650919795036,543.9259644411504,NLOS,
9,9.0,2,-5019588.340297621,42,41,42,47,40,0.3930000000000291,17616.77704415098,-7.840161549864327E-5,-1.1733463E-11,0.0,575.4210802577436,0.39427726343274117,90.18191447481513,LOS,
73,26.0,0,-4960870.271079902,21,20,30,37,4,0.13800000000264845,18556.961760941893,1.1720262955350328E-4,1.8189894E-12,0.0,364.65657744556665,2.7488310411572456,12.790116172283888,NLOS,
74,48.0,0,-4985119.00472923,35,34,36,46,10,0.47599999999874854,18464.080925110728,3.6716801332659014E-5,1.8189894E-12,0.0,271.77574161812663,-3.943196125328541,132.47948900982738,LOS,
75,32.0,0,-5137161.855611812,26,25,26,29,7,0.4569999999985157,17652.427574664354,-4.7077022736630164E-4,-9.094947E-13,0.0,539.8784268125892,3.467992052435875,34.54663481190801,LOS,
76,27.0,0,-4997897.5499503575,22,21,21,30,0,1.8940000000002328,18299.27590886131,-6.379219485097641E-6,1.8189894E-12,0.0,106.97072536498308,-0.860934417694807,-8.837300837039948,NLOS,
23,40.0,2,-5022131.406780805,42,41,41,50,26,0.4219999999986612,17793.624014280736,-8.684642450031469E-5,5.5633189E-13,0.0,399.42855478078127,0.4618757925927639,101.55834970995784,LOS,
31,40.0,2,-4898863.458387159,36,35,35,41,0,0.4859999999971478,18329.547741554677,3.2391638328866876E-4,-1.5171533E-12,0.0,137.0464445091784,0.46584849432110786,-22.798241894692183,NLOS,
1,78.0,2,-5016996.240601901,43,42,43,44,19,-0.28699999999662396,18127.235822290182,-9.345304139254178E-6,9.5568735E-13,0.0,65.0082985907793,-0.2553858011960983,8.337812785059214,LOS,
3,48.0,2,-4956167.727588769,29,28,34,37,7,-0.35199999999895226,17903.040287729353,1.9360124679394493E-4,2.1947418E-11,0.0,287.6414615884423,16.87046890333295,21.67014653980732,NLOS,
4,64.0,2,-5016198.053777784,49,49,49,49,42,-0.2930000000014843,18553.589488524944,-6.773052116191688E-6,2.4472557E-13,0.0,361.3243423178792,-0.2826283238828182,-18.707254741340876,LOS,
8,44.0,2,-5009585.875394333,40,39,41,49,37,-0.2930000000014843,17888.68840208277,1.7159353754341402E-5,4.6850583E-12,0.0,303.6517859250307,-0.2702838033437729,543.8691435903311,NLOS,
9,9.0,2,-5037780.899967976,42,41,42,47,40,-0.36300000000119326,17616.42370652035,-7.840162723210607E-5,-1.1733463E-11,0.0,575.7186710685492,-0.29759081080555916,90.4323384128511,LOS,
73,26.0,0,-4979052.361812744,20,19,23,37,4,0.7779999999984284,18536.29511929676,1.1720263137249265E-4,1.8189894E-12,0.0,343.98993580415845,-20.666641641408205,2.575665522366762,NLOS,
74,48.0,0,-5003310.990793891,34,29,35,46,10,-0.48800000000119326,18464.349463537335,3.671680315164838E-5,1.8189894E-12,0.0,272.0442800410092,0.2685384228825569,132.1603701747954,LOS,
75,32.0,0,-5155353.275522478,27,26,26,29,7,0.29100000000107684,17649.168131902814,-4.7077022827579634E-4,-9.094947E-13,0.0,543.1378695704043,-3.2594427578151226,33.660544004291296,LOS,
76,27.0,0,-5016089.1382056475,22,21,22,30,0,-2.0489999999990687,18295.575296215713,-6.379217666108268E-6,1.8189894E-12,0.0,103.27011271938682,-3.700612645596266,-9.55422904342413,NLOS,
23,40.0,2,-5040323.111768868,42,41,42,50,26,-0.3359999999993306,17793.29718965292,-8.684642394398281E-5,5.5633189E-13,0.0,399.6920138671994,-0.26345908641815186,100.95777574181557,LOS,
31,40.0,2,-4917055.603762552,36,35,36,41,0,-0.27299999999740976,18329.283860735595,3.2391638177151554E-4,-1.5171533E-12,0.0,136.73685140162706,-0.3095931075513363,-22.95905014872551,NLOS,
1,78.0,2,-5035188.33197245,43,42,43,44,19,-0.24200000000200816,18126.994401108474,-9.345303183566893E-6,9.5568735E-13,0.0,64.95717445760965,0.05112413316965103,8.423533488065004,LOS,
3,48.0,2,-4974361.598245051,29,28,34,37,7,-0.3569999999999709,17902.683221906424,1.9360126874136242E-4,2.1947418E-11,0.0,287.45790934190154,0.18355224654078484,23.54144613817334,NLOS,
4,64.0,2,-5034390.123682387,49,49,49,49,42,-0.2540000000008149,18553.33587809652,-6.77305187146612E-6,2.4472557E-13,0.0,361.3616048581898,0.03726254031062126,-18.643213126808405,LOS,
8,44.0,2,-5027777.775123242,40,39,41,49,37,-0.27199999999720603,17888.41772119701,1.715935843939966E-5,4.6850583E-12,0.0,303.60836604610085,0.04341987892985344,543.7643406875432,NLOS,
9,9.0,2,-5055973.124963157,42,41,42,47,40,-0.31899999999950523,17616.105021975935,-7.840163896556887E-5,-1.1733463E-11,0.0,575.7191667109728,-4.956424236297607E-4,90.64787963405252,LOS,
73,26.0,0,-4997219.832394868,20,20,21,37,4,-1.1490000000012515,18521.67968995869,1.1720263319148203E-4,1.8189894E-12,0.0,329.67429892346263,-14.31563688069582,-21.95914338901639,NLOS,
74,48.0,0,-5021502.465342402,31,30,35,46,10,-0.31999999999970896,18463.99093195796,3.671680497063776E-5,1.8189894E-12,0.0,271.98554092273116,-0.05873911827802658,131.62952765077353,LOS,
75,32.0,0,-5173545.005459823,27,26,27,29,7,-0.47700000000259024,17649.5788269639,-4.7077022918529105E-4,-9.094947E-13,0.0,542.4273820482194,0.7104875221848488,33.38427233695984,LOS,
76,27.0,0,-5034286.568124533,22,21,22,30,0,0.10399999999935972,18301.574135646224,-6.379215847118893E-6,1.8189894E-12,0.0,109.56874461099505,6.298631891608238,-4.129701193422079,NLOS,
23,40.0,2,-5058514.513291683,43,42,42,50,26,-0.2930000000014843,17793.00443468243,-8.684642338765094E-5,5.5633189E-13,0.0,399.63517585769296,0.056838009506464005,100.35352898389101,LOS,
31,40.0,2,-4935247.415363591,36,35,36,41,0,-0.22800000000279397,18329.0545424819,3.239163802543623E-4,-1.5171533E-12,0.0,136.82813765108585,0.09128624945878983,-23.15384029597044,NLOS,
1,78.0,2,-5053380.714865353,43,43,43,44,19,0.39800000000104774,18127.392605479807,-9.34530222787961E-6,9.5568735E-13,0.0,64.85244445875287,0.10472999885678291,8.500984083861113,LOS,
3,48.0,2,-4992558.035268966,29,28,29,37,7,0.3319999999985157,17903.01536909491,1.936012906887799E-4,2.1947418E-11,0.0,285.16836743429303,2.289541907608509,27.67932090908289,NLOS,
4,64.0,2,-5052582.484168094,49,49,49,49,42,0.3790000000008149,18553.715961813927,-6.773051626740551E-6,2.4472557E-13,0.0,361.4508156403899,0.08921078220009804,-18.588382866233587,LOS,
8,44.0,2,-5045969.970919285,40,39,40,49,37,0.375,17888.791265513748,1.7159363124457925E-5,4.6850583E-12,0.0,303.52067744731903,0.08768859878182411,543.6558124609292,NLOS,
9,9.0,2,-5074165.584248751,42,41,42,47,40,0.3169999999990978,17616.421462267637,-7.840165069903171E-5,-1.1733463E-11,0.0,575.7502753101289,-0.03110859915614128,90.79791881144047,LOS,
73,26.0,0,-5015406.805013418,29,21,20,37,4,0.8480000000017753,18541.186450291425,1.172026350104714E-4,1.8189894E-12,0.0,348.8812667950988,19.206967871636152,-27.29170833528042,NLOS,
74,48.0,0,-5039695.518458173,31,30,34,46,10,1.15400000000227,18465.722466632724,3.6716806789627136E-5,1.8189894E-12,0.0,273.4172831363976,1.431742213666439,132.37745992466807,LOS,
75,32.0,0,-5191735.517190915,27,26,27,29,7,1.0570000000006985,17648.461318608373,-4.7077023009478575E-4,-9.094947E-13,0.0,543.8446828685701,-1.417300820350647,31.590001951903105,LOS,
76,27.0,0,-5052467.750102565,22,21,22,30,0,0.18900000000212458,18285.48337057233,-6.379214028129515E-6,1.8189894E-12,0.0,93.17818707972765,-16.390557531267405,-15.252906654030085,NLOS,
23,40.0,2,-5076706.215658866,43,42,43,50,26,0.3400000000001455,17793.343864522874,-8.684642283131906E-5,5.5633189E-13,0.0,399.57361152395606,0.061564333736896515,99.75033413618803,LOS,
31,40.0,2,-4953439.485529371,36,35,36,41,0,0.40600000000267755,18329.461411405355,3.23916378737209E-4,-1.5171533E-12,0.0,136.9121722355485,0.08403458446264267,-23.389858163893223,NLOS,
1,78.0,2,-5071573.840483874,44,43,43,44,19,0.8809999999975844,18128.263756759465,-9.345301272192267E-6,9.5568735E-13,0.0,64.29650891199708,0.5559355467557907,9.021367840468884,LOS,
3,48.0,2,-5010754.405882459,29,28,29,37,7,0.7790000000022701,17903.785629868507,1.9360131263619873E-4,2.1947418E-11,0.0,285.51161615923047,-0.34324872493743896,31.450992800295353,NLOS,
4,64.0,2,-5070775.59701138,49,49,49,49,42,0.8670000000020082,18554.573068857193,-6.7730513820149675E-6,2.4472557E-13,0.0,362.00181226059794,0.550996620208025,-18.080987486988306,LOS,
8,44.0,2,-5064162.96858095,40,39,40,49,37,0.8599999999969441,17889.641056746244,1.715936780951647E-5,4.6850583E-12,0.0,302.92719619721174,0.5934812501072884,544.0493573993444,NLOS,
9,9.0,2,-5092358.753158875,42,41,42,47,40,0.8040000000000873,17617.21785478294,-7.840166243249525E-5,-1.1733463E-11,0.0,575.3060772754252,0.44419803470373154,91.35779005661607,LOS,
73,26.0,0,-5033598.402866852,29,29,29,37,4,1.319999999999709,18545.81643238291,1.1720263682946089E-4,1.8189894E-12,0.0,353.2114564292133,4.330189634114504,-28.29883085563779,NLOS,
74,48.0,0,-5057891.165919188,31,30,31,46,10,0.8129999999982829,18468.469778124243,3.671680860861662E-5,1.8189894E-12,0.0,275.86480217427015,2.447519037872553,135.4199449904263,LOS,
75,32.0,0,-5209930.7721288875,27,26,27,29,7,0.5430000000014843,17653.305221084505,-4.7077023100428045E-4,-9.094947E-13,0.0,539.3005728460848,4.544110022485256,34.2391459941864,LOS,
76,27.0,0,-5070658.984979719,22,21,22,30,0,1.9609999999993306,18295.69345157221,-6.3792122091400285E-6,1.8189894E-12,0.0,103.08847561478615,9.910288535058498,-16.62300545722246,NLOS,
23,40.0,2,-5094898.693429489,44,43,43,50,26,0.8280000000013388,17794.16322034225,-8.684642227498714E-5,5.5633189E-13,0.0,399.03750992566347,0.5361015982925892,99.62275027111173,LOS,
31,40.0,2,-4971632.250953756,36,35,36,41,0,0.8999999999978172,18330.352732826024,3.2391637722005575E-4,-1.5171533E-12,0.0,137.43290290236473,0.5207306668162346,-23.230409882962704,NLOS,
1,78.0,2,-5089767.169157907,44,43,44,44,19,0.30300000000352156,18128.575183238834,-9.345300316504987E-6,9.5568735E-13,0.0,64.28022937849164,0.01627953350543976,9.445014651864767,LOS,
3,48.0,2,-5028953.60502338,30,29,29,37,7,0.23599999999714782,17904.030618663877,1.9360133458361613E-4,2.1947418E-11,0.0,282.9598868228495,2.5517293363809586,37.75139966234565,NLOS,
4,64.0,2,-5088968.898303699,49,49,49,49,42,0.29099999999743886,18554.873457785696,-6.773051137289399E-6,2.4472557E-13,0.0,361.98884369432926,-0.01296856626868248,-17.68493552878499,LOS,
8,44.0,2,-5082355.101661,40,39,40,49,37,0.28500000000349246,17889.936687342823,1.7159363280069238E-5,4.7122384E-12,0.0,302.905318018049,0.021878179162740707,543.275765825063,NLOS,
9,10.0,2,-5110552.100824434,42,41,42,47,40,0.2250000000021828,17617.45168016106,-7.840167416595803E-5,-1.1733463E-11,0.0,575.3926706723869,-0.086593396961689,91.79662428423762,LOS,
73,26.0,0,-5051792.521013949,30,29,29,37,4,-0.4639999999999418,18548.341431912035,1.1720263864845027E-4,1.8189894E-12,0.0,355.43666350096464,2.225207071751356,-27.085452169179916,NLOS,
74,48.0,0,-5076084.271706469,31,31,31,46,10,0.36899999999877764,18466.081019658595,3.6716810427606E-5,1.8189894E-12,0.0,273.1762512475252,-2.688550926744938,135.62096386030316,LOS,
75,33.0,0,-5228125.9380101785,27,26,27,29,7,0.625,17653.316956605762,-4.7077023191377515E-4,-9.094947E-13,0.0,539.5886297821999,-0.2880569361150265,36.499440897256136,LOS,
76,27.0,0,-5088847.8084552735,21,20,22,30,0,1.1970000000001164,18293.439218848944,-6.379210390150659E-6,1.8189894E-12,0.0,100.53445044159889,-2.554025173187256,-20.704298309981823,NLOS,
23,40.0,2,-5113091.401822481,44,43,44,50,26,0.2540000000008149,17794.427068334073,-8.684642171865526E-5,5.5633189E-13,0.0,399.04613841697574,-0.008628491312265396,99.42599631845951,LOS,
31,40.0,2,-4989825.137290064,36,35,36,41,0,0.3169999999990978,18330.678418390453,3.239163757029025E-4,-1.5171533E-12,0.0,137.37926403805614,-0.05363886430859566,-23.249842133373022,NLOS,
1,78.0,2,-5107960.541103598,44,43,44,44,19,0.16199999999662396,18128.738348785788,-9.345299360817706E-6,9.5568735E-13,0.0,64.42373171448708,-0.14350233599543571,9.612140662968159,LOS,
3,48.0,2,-5047155.614077538,30,29,30,37,7,0.052999999999883585,17904.084721833467,1.9360135653103354E-4,2.1947418E-11,0.0,280.42678551003337,2.533101312816143,46.56192729994655,NLOS,
4,64.0,2,-5107162.244210783,49,48,49,49,42,0.147000000000844,18555.020360529423,-6.773050892563832E-6,2.4472557E-13,0.0,361.8320517167449,-0.15679197758436203,-17.54406126588583,LOS,
8,44.0,2,-5100548.372151349,40,39,40,49,37,0.13399999999819556,17890.072241205722,1.715936799230756E-5,4.7122384E-12,0.0,303.0493187047541,-0.14400068670511246,543.3425626792014,NLOS,
9,10.0,2,-5128745.414588083,41,40,42,47,40,0.0819999999985157,17617.533396460116,-7.84016858994208E-5,-1.1733463E-11,0.0,575.69195137918,-0.29928070679306984,91.90176413953304,LOS,
73,26.0,0,-5069985.618592463,31,30,30,37,4,0.23800000000119326,18547.325593996793,1.1720264046743963E-4,1.8189894E-12,0.0,354.121033128351,-1.3156303726136684,-27.192434523254633,NLOS,
74,48.0,0,-5094277.395539697,32,31,31,46,10,0.0,18466.251980822533,3.671681224659536E-5,1.8189894E-12,0.0,273.0474199540913,-0.12883129343390465,135.54023621976376,LOS,
75,33.0,0,-5246320.249811485,27,26,27,29,7,0.19099999999889405,17652.56366415322,-4.7077023282326985E-4,-9.094947E-13,0.0,540.6417146958411,-1.0530849136412144,37.605863355100155,LOS,
76,27.0,0,-5107039.383304272,4,4,22,30,0,1.3559999999997672,18296.347767665982,-6.37920857116129E-6,1.8189894E-12,0.0,103.14320679754019,2.6087563559412956,-22.334010180085897,NLOS,
23,40.0,2,-5131284.215397168,44,43,44,50,26,0.11299999999755528,17794.53943700716,-8.684642116232337E-5,5.5633189E-13,0.0,399.18023112788796,-0.13409271091222763,99.0346316024661,LOS,
31,40.0,2,-5008018.016528383,36,35,36,41,0,0.16600000000107684,18330.845064476132,3.239163741857492E-4,-1.5171533E-12,0.0,137.19761802628636,-0.18164601176977158,-23.576164834201336,NLOS,
1,78.0,2,-5126154.1965176165,44,43,44,44,19,0.41200000000026193,18129.15007900074,-9.345298405130429E-6,9.5568735E-13,0.0,64.32703137770295,0.09670033678412437,9.762942541390657,LOS,
3,48.0,2,-5065354.88269306,30,29,30,37,7,0.3209999999999127,17904.404537711293,1.9360137847845092E-4,2.1947418E-11,0.0,283.4440318122506,-3.017246302217245,52.33222384750843,NLOS,
4,64.0,2,-5125355.880453829,49,48,49,49,42,0.3919999999998254,18555.412786904722,-6.773050647838264E-6,2.4472557E-13,0.0,361.9209692031145,0.08891748636960983,-17.412643499672413,LOS,
8,44.0,2,-5118741.944087941,40,39,40,49,37,0.3930000000000291,17890.463420301676,1.7159372704545882E-5,4.7122384E-12,0.0,302.9558880031109,0.09343070164322853,543.4110133200884,NLOS,
9,10.0,2,-5146938.968964163,41,40,42,47,40,0.3260000000009313,17617.860087305307,-7.840169763288356E-5,-1.1733463E-11,0.0,575.7167117074132,-0.024760328233242035,91.94772396981716,LOS,
73,26.0,0,-5088178.527411677,32,31,31,37,4,0.37299999999959255,18547.139576230198,1.17202642286429E-4,1.8189894E-12,0.0,353.63522290438414,-0.48581022396683693,-27.787968635559082,NLOS,
74,48.0,0,-5112474.252343889,32,31,32,46,10,0.5080000000016298,18470.1370007284,3.671681406558473E-5,1.8189894E-12,0.0,276.63264739885926,3.585227444767952,138.89268708229065,LOS,
75,33.0,0,-5264513.816453159,27,26,27,29,7,0.12299999999959255,17651.920614223927,-4.707702337327645E-4,-9.094947E-13,0.0,541.584557082504,-0.94284238666296,37.66733372211456,LOS,
76,27.0,0,-5125234.954095434,4,4,21,30,0,0.20499999999810825,18300.498125217855,-6.379206752171921E-6,1.8189894E-12,0.0,106.99377188831568,3.85056509077549,-20.267572347074747,NLOS,
23,40.0,2,-5149477.375780135,44,43,44,50,26,0.3540000000029977,17794.89361942187,-8.68464206059915E-5,5.5633189E-13,0.0,399.0726958960295,0.1075352318584919,98.69028270617127,LOS,
31,40.0,2,-5026211.198738877,36,36,36,41,0,0.4249999999992724,18331.27067373693,3.23916372668596E-4,-1.5171533E-12,0.0,137.3260363675654,0.12841834127902985,-23.899307817220688,NLOS,
1,78.0,2,-5144348.100004464,44,43,44,44,19,0.39400000000023283,18129.535892874002,-9.345297449443092E-6,9.5568735E-13,0.0,64.56551680713892,-0.2384854294359684,9.562232337892056,LOS,
3,48.0,2,-5083555.759886615,30,29,30,37,7,0.3280000000013388,17904.72325111553,1.9360140042586963E-4,2.1947418E-11,0.0,282.4120668768883,1.031964935362339,59.11151351034641,NLOS,
4,64.0,2,-5143549.786974445,49,48,49,49,42,0.38500000000203727,18555.78795203194,-6.773050403112683E-6,2.4472557E-13,0.0,361.6900456286967,-0.2309235744178295,-17.610533080995083,LOS,
8,44.0,2,-5136935.775372434,40,39,40,49,37,0.37700000000040745,17890.830707915127,1.7159377416784484E-5,4.7122384E-12,0.0,303.20435186848044,-0.24846386536955833,543.1392269432545,NLOS,
9,10.0,2,-5165132.797446296,41,40,41,47,40,0.3280000000013388,17618.178005978465,-7.840170938097022E-5,-1.173397E-11,0.0,576.0058152489364,-0.28910354152321815,91.66820055618882,LOS,
73,26.0,0,-5106372.365784515,33,32,32,37,4,0.4690000000009604,18548.075964238495,1.1720264410541848E-4,1.8189894E-12,0.0,353.9720259979367,0.3368030935525894,-28.053534038364887,NLOS,
74,48.0,0,-5130670.518795617,32,32,32,46,10,0.5859999999993306,18469.70037599653,3.671681588457421E-5,1.8189894E-12,0.0,275.59643775597215,-1.0362096428871155,141.05520056933165,LOS,
75,33.0,0,-5282708.282429919,27,26,27,29,7,0.5390000000006694,17652.919613435864,-4.7077023464225926E-4,-9.094947E-13,0.0,541.1851427853107,0.3994142971932888,38.02855426073074,LOS,
76,27.0,0,-5143432.401715621,16,15,4,30,0,-1.0979999999981374,18302.535229269415,-6.379204933182445E-6,1.8189894E-12,0.0,108.43129102885723,1.4375191405415535,-16.92389040067792,NLOS,
23,40.0,2,-5167670.8062660545,45,44,44,50,26,0.3449999999975262,17795.22960827872,-8.684642004965958E-5,5.5633189E-13,0.0,399.34168081730604,-0.26898492127656937,98.01645185053349,LOS,
31,40.0,2,-5044404.65809273,37,36,36,41,0,0.4140000000006694,18331.67380137369,3.239163711514427E-4,-1.5171533E-12,0.0,137.12883580848575,-0.19720055907964706,-24.544892355799675,NLOS,
1,78.0,2,-5162542.408145692,44,43,44,44,19,0.5240000000012515,18130.06808188185,-9.345296493755816E-6,9.5568735E-13,0.0,63.748029462993145,0.8174873441457748,10.065968967974186,LOS,
3,48.0,2,-5101757.343509145,30,29,30,37,7,0.39800000000104774,17905.13010364026,1.9360142237328696E-4,2.1947418E-11,0.0,281.38283401727676,1.0292328596115112,66.8970246091485,NLOS,
4,64.0,2,-5161744.099868782,49,48,49,49,42,0.5079999999979918,18556.304360289127,-6.7730501583871155E-6,2.4472557E-13,0.0,362.4945395551622,0.8044939264655113,-17.10225648060441,LOS,
8,44.0,2,-5155129.998951599,40,39,40,49,37,0.49399999999877764,17891.33582499996,1.715938212902279E-5,4.7122384E-12,0.0,302.42044027894735,0.7839115895330906,543.5595276989043,NLOS,
9,10.0,2,-5183327.056788038,41,40,41,47,40,0.43399999999746797,17618.62127730623,-7.840172111493936E-5,-1.173397E-11,0.0,575.2424925491214,0.7633226998150349,92.11933343857527,LOS,
73,26.0,0,-5124566.524480149,33,32,33,37,4,0.3449999999975262,18548.400965366513,1.1720264592440784E-4,1.8189894E-12,0.0,354.5968195796013,0.6247935816645622,-27.698984190821648,NLOS,
74,48.0,0,-5148865.218191292,32,32,32,46,10,0.4940000000024156,18468.28614483401,3.671681770356357E-5,1.8189894E-12,0.0,274.48199905082583,-1.1144387051463127,141.95045046135783,LOS,
75,33.0,0,-5300900.643719751,27,26,27,29,7,0.5390000000006694,17650.91587698087,-4.7077023555175396E-4,-9.094947E-13,0.0,542.8890867829323,-1.7039439976215363,36.58488032966852,LOS,
76,27.0,0,-5161625.706484694,17,16,16,30,0,0.4140000000006694,18298.54951415956,-6.379203114193081E-6,1.8189894E-12,0.0,104.74536837637424,-3.6859226524829865,-17.423267111182213,NLOS,
23,40.0,2,-5185864.620911665,45,44,45,50,26,0.46299999999973807,17795.7014451921,-8.684641949332772E-5,5.5633189E-13,0.0,398.597181558609,0.7444992586970329,98.02657314017415,LOS,
31,40.0,2,-5062598.549875688,37,36,37,41,0,0.5260000000016589,18332.208592657,3.239163696342894E-4,-1.5171533E-12,0.0,137.98627568781376,0.8574398793280125,-24.45825533568859,NLOS,
1,78.0,2,-5180736.947568901,44,43,44,44,19,0.3569999999999709,18130.42597153783,-9.345295538068538E-6,9.5568735E-13,0.0,64.30308226123452,-0.5550527982413769,9.90161020681262,LOS,
3,48.0,0,-5120042.863047566,30,24,30,37,7,0.2849999999998545,17905.4164609015,1.9360144432070429E-4,2.1947418E-11,0.0,198.32329735159874,83.05953666567802,157.71907421946526,NLOS,
4,64.0,2,-5179938.653345656,49,48,49,49,42,0.342000000000553,18556.647182974964,-6.773049913661549E-6,2.4472557E-13,0.0,361.93408259004354,-0.5604569651186466,-17.252774719148874,LOS,
8,44.0,2,-5173324.457989614,40,39,40,49,37,0.3400000000001455,17891.67481103167,1.7159386841261094E-5,4.7122384E-12,0.0,302.9925384558737,-0.5720981769263744,543.3159099295735,NLOS,
9,10.0,2,-5201521.528135948,41,40,41,47,40,0.282999999999447,17618.904713828117,-7.84017328489085E-5,-1.173397E-11,0.0,575.8954121284187,-0.6529195792973042,91.88309511169791,LOS,
73,26.0,0,-5142759.956934117,34,33,33,37,4,0.3440000000009604,18547.679426368326,1.172026477433972E-4,1.8189894E-12,0.0,352.97590320929885,-1.6209163703024387,-28.970053382217884,NLOS,
74,48.0,0,-5167061.320080835,32,32,32,46,10,0.36899999999877764,18469.84146330133,3.6716819522552934E-5,1.8189894E-12,0.0,275.1379401385784,0.6559410877525806,143.34881684184074,LOS,
75,33.0,0,-5319095.048620116,27,26,27,29,7,-0.5620000000017171,17653.06043473631,-4.707702364612486E-4,-9.094947E-13,0.0,541.6439063996077,1.245180383324623,36.2854395583272,LOS,
76,27.0,0,-5179823.209388349,24,17,17,30,0,0.04899999999906868,18302.904791068286,-6.379201295203719E-6,1.8189894E-12,0.0,108.20126790553331,3.455899529159069,-14.623886618763208,NLOS,
23,40.0,2,-5204058.658930223,45,44,45,50,26,0.3110000000015134,17796.013215798885,-8.684641893699583E-5,5.5633189E-13,0.0,399.2126616872847,-0.6154801286756992,97.36069000512362,LOS,
31,40.0,2,-5080792.697392922,37,36,37,41,0,0.3709999999991851,18332.580999929458,3.239163681171362E-4,-1.5171533E-12,0.0,137.46785340458155,-0.5184222832322121,-25.01526140794158,NLOS,
1,78.0,2,-5198931.691028368,44,43,44,44,19,0.3400000000001455,18130.755688417703,-9.345294582381205E-6,9.5568735E-13,0.0,63.98600132018328,0.31708094105124474,9.941287703812122,LOS,
3,48.0,0,-5138219.610170517,24,23,30,37,7,0.29499999999825377,17905.70158012584,1.936014662681229E-4,2.1947418E-11,0.0,307.0727279447019,-108.74943059310317,139.7687083631754,NLOS,
4,64.0,2,-5198133.425512698,49,48,49,49,42,0.32400000000052387,18556.960876375437,-6.773049668935967E-6,2.4472557E-13,0.0,362.2511207908392,0.3170382007956505,-17.18460278585553,LOS,
8,44.0,2,-5191519.135765046,40,39,40,49,37,0.31999999999970896,17891.986665442586,1.7159391553499682E-5,4.7122384E-12,0.0,302.6819848045707,0.3105536513030529,543.2910295762122,NLOS,
9,10.0,2,-5219716.209209103,41,40,41,47,40,0.26600000000325963,17619.1613124907,-7.840174458287833E-5,-1.173397E-11,0.0,575.6512635946274,0.24414853379130363,91.85658203437924,LOS,
73,26.0,0,-5160954.41611059,34,33,34,37,4,0.020000000000436557,18548.710875924677,1.1720264956238667E-4,1.8189894E-12,0.0,354.00735276564956,1.031449556350708,-29.214400067925453,NLOS,
74,48.0,0,-5185259.805257689,32,32,32,46,10,0.037000000000261934,18472.377574950457,3.6716821341542405E-5,1.8189894E-12,0.0,277.6740517951548,2.536111656576395,147.13047054037452,LOS,
75,33.0,0,-5337292.766343694,27,27,27,29,7,1.2970000000022992,17656.47420191765,-4.7077023737074336E-4,-9.094947E-13,0.0,538.2301392219961,3.4137671776115894,39.29882199689746,LOS,
76,27.0,0,-5198016.963974856,24,23,24,30,0,0.282999999999447,18299.313622627407,-6.379199476214248E-6,1.8189894E-12,0.0,104.6100994721055,-3.5911684334278107,-15.572823267430067,NLOS,
23,40.0,2,-5222252.916302793,45,44,45,50,26,0.2890000000006694,17796.293442886323,-8.684641838066392E-5,5.5633189E-13,0.0,398.93280624970794,0.2798554375767708,96.9141608774662,LOS,
31,40.0,2,-5098987.030880097,37,37,37,41,0,0.35099999999874854,18332.92285389453,3.239163665999829E-4,-1.5171533E-12,0.0,137.7790466658771,0.311193261295557,-25.386297542601824,NLOS,
1,78.0,2,-5217126.354252469,44,43,44,44,19,0.027999999998428393,18130.79297124967,-9.34529362669393E-6,9.5568735E-13,0.0,63.953178219497204,0.0328231006860733,9.900729835033417,LOS,
3,48.0,0,-5156389.9521658905,24,23,30,37,7,0.07800000000133878,17905.789075482637,1.9360148821554018E-4,2.1947418E-11,0.0,313.4548310600221,-6.382103115320206,115.41321492940187,NLOS,
4,64.0,2,-5216328.110127907,49,48,49,49,42,0.006000000001222361,18556.97793443501,-6.773049424210401E-6,2.4472557E-13,0.0,362.26186088100076,0.010740090161561966,-17.203982688486576,LOS,
8,44.0,2,-5209713.696961742,40,39,40,49,37,0.004000000000814907,17892.000047765672,1.715939626573798E-5,4.7122384E-12,0.0,302.7066961042583,-0.024711299687623978,543.1495704874396,NLOS,
9,10.0,2,-5237910.82612475,41,40,41,47,40,-0.05500000000029104,17619.115860253572,-7.840175631684742E-5,-1.173397E-11,0.0,575.680920895189,-0.02965730056166649,91.76591144874692,LOS,
73,26.0,0,-5179149.707821958,34,34,34,37,4,-0.2639999999992142,18549.54809743166,1.1720265138137604E-4,1.8189894E-12,0.0,354.8445742726326,0.8372215069830418,-28.62621185928583,NLOS,
74,48.0,0,-5203457.497284677,32,31,32,46,10,0.41999999999825377,18471.737199049443,3.671682316053176E-5,1.8189894E-12,0.0,277.0336758904159,-0.640375904738903,150.11897436901927,LOS,
75,33.0,0,-5355489.408657927,28,27,27,29,7,-0.2640000000028522,17655.49983225763,-4.70770238280238E-4,-9.094947E-13,0.0,539.2045088782907,-0.9743696562945843,41.2367950938642,LOS,
76,27.0,0,-5216212.273607541,25,24,24,30,0,-0.3280000000013388,18301.02580455318,-6.379197657224889E-6,1.8189894E-12,0.0,106.32228139415383,1.7121819220483303,-14.9667137414217,NLOS,
23,40.0,2,-5240447.0842351355,45,44,45,50,26,-0.024000000001251465,17796.278862453997,-8.684641782433205E-5,5.5633189E-13,0.0,398.96169501543045,-0.0288887657225132,96.37819152697921,LOS,
31,40.0,2,-5117181.291466672,38,37,37,41,0,0.03800000000046566,18332.969021715224,3.2391636508282963E-4,-1.5171533E-12,0.0,137.8313466347754,0.052299968898296356,-25.83023427799344,NLOS,
1,78.0,2,-5235321.250815585,43,43,44,44,19,0.35900000000037835,18131.14271164313,-9.345292671006599E-6,9.5568735E-13,0.0,63.90657506510615,0.04660315439105034,9.79371852427721,LOS,
3,48.0,0,-5174569.99797805,24,23,24,37,7,0.0319999999992433,17905.811487857252,1.9360151016295879E-4,2.1947418E-11,0.0,304.0278133749962,9.42701768502593,100.46174582466483,NLOS,
4,64.0,2,-5234523.028760314,49,48,49,49,42,0.3449999999975262,18557.314178247005,-6.77304917948482E-6,2.4472557E-13,0.0,362.29440999403596,0.032549113035202026,-17.289137851446867,LOS,
8,44.0,2,-5227908.4664703235,40,39,40,49,37,0.342000000000553,17892.331236671656,1.7159400977976564E-5,4.7122384E-12,0.0,302.70633202418685,3.640800714492798E-4,542.9166308268905,NLOS,
9,10.0,2,-5256105.686477821,41,40,41,47,40,0.27699999999822467,17619.383327960968,-7.840176805081725E-5,-1.173397E-11,0.0,575.702839564532,-0.02191866934299469,91.61888583004475,LOS,
73,26.0,0,-5197344.276854493,35,34,34,37,4,0.5059999999975844,18548.83015140891,1.1720265320036551E-4,1.8189894E-12,0.0,353.8268357925117,-1.0177384801208973,-29.06049494072795,NLOS,
74,48.0,0,-5221654.894330941,32,31,32,46,10,0.3320000000021537,18471.595008898526,3.671682497952123E-5,1.8189894E-12,0.0,276.5916932821274,-0.44198260828852654,152.51270501688123,LOS,
75,33.0,0,-5373684.228916302,28,27,28,29,7,0.39100000000325963,17653.77877941355,-4.7077023918973277E-4,-9.094947E-13,0.0,541.2253541834652,-2.020845305174589,41.05291987210512,LOS,
76,27.0,0,-5234405.588383108,25,24,25,30,0,0.7760000000016589,18299.188096065074,-6.3791958382354195E-6,1.8189894E-12,0.0,104.18478044867516,-2.1375009454786777,-16.655253790318966,NLOS,
23,40.0,2,-5258641.495195564,45,44,45,50,26,0.3029999999998836,17796.571616843343,-8.684641726800013E-5,5.5633189E-13,0.0,398.95795538648963,0.003739628940820694,95.78545780479908,LOS,
31,40.0,2,-5135375.893500999,38,37,38,41,0,0.37299999999959255,18333.332549650222,3.2391636356567636E-4,-1.5171533E-12,0.0,137.99821351468563,0.16686687991023064,-26.23251571506262,NLOS,
1,78.0,2,-5253516.268919587,43,42,44,44,19,0.21900000000096043,18131.37174827978,-9.345291715319323E-6,9.5568735E-13,0.0,63.67196378111839,0.23461128398776054,9.808248098939657,LOS,
3,48.0,0,-5192745.852147732,24,23,24,37,7,0.38799999999901047,17906.209654007107,1.9360153211037606E-4,2.1947418E-11,0.0,308.1964226178825,-4.168609242886305,81.31863423809409,NLOS,
4,64.0,2,-5252718.068438787,49,48,49,49,42,0.20899999999892316,18557.53200558573,-6.773048934759254E-6,2.4472557E-13,0.0,362.513723898679,0.21931390464305878,-17.253246948122978,LOS,
8,44.0,2,-5246103.348936014,39,38,40,49,37,0.1929999999993015,17892.53348837793,1.7159405690214854E-5,4.7122384E-12,0.0,302.50147880613804,0.20485321804881096,542.7966482751071,NLOS,
9,10.0,2,-5274300.62673619,40,39,41,47,39,0.1430000000000291,17619.535840779543,-7.840177978478634E-5,-1.173397E-11,0.0,575.5884204208851,0.11441914364695549,91.55176550522447,LOS,
73,26.0,0,-5215537.896200333,35,34,35,37,4,0.15799999999944703,18547.885156720877,1.1720265501935486E-4,1.8189894E-12,0.0,352.88184110447764,-0.9449946880340576,-30.444464717060328,NLOS,
74,48.0,0,-5239850.242210876,32,27,32,46,10,0.09799999999813735,18469.698582414538,3.671682679851059E-5,1.8189894E-12,0.0,274.6952667981386,-1.896426483988762,152.85726933553815,LOS,
75,33.0,0,-5391879.394196909,28,27,28,29,7,0.5599999999976717,17654.224900897592,-4.7077024009922747E-4,-9.094947E-13,0.0,540.7792326956987,0.4461214877665043,41.21406688541174,LOS,
76,27.0,0,-5252597.420599967,25,24,25,30,0,0.8319999999985157,18297.862672846764,-6.379194019246062E-6,1.8189894E-12,0.0,102.85935723036528,-1.3254232183098793,-19.826352547854185,NLOS,
23,40.0,2,-5276836.038563773,45,44,45,50,26,0.17399999999906868,17796.754358757287,-8.684641671166825E-5,5.5633189E-13,0.0,398.76499320939183,0.1929621770977974,95.32513186335564,LOS,
31,40.0,2,-5153570.6782244705,39,38,38,41,0,0.2319999999999709,18333.57557545975,3.239163620485231E-4,-1.5171533E-12,0.0,138.306091286242,0.3078777715563774,-26.45210801064968,NLOS,
1,78.0,2,-5271711.336572312,43,42,43,44,19,0.15999999999985448,18131.53213953972,-9.34529075963205E-6,9.5568735E-13,0.0,63.50934264063835,0.1626211404800415,9.872326392680407,LOS,
3,48.0,0,-5210930.410517462,24,23,24,37,7,-0.024999999997817213,17906.183887720108,1.936015540577933E-4,2.1947418E-11,0.0,299.4692027643323,8.727219853550196,70.87972270324826,NLOS,
4,64.0,2,-5270913.141149554,49,48,49,49,42,0.1430000000000291,18557.674651160836,-6.773048690033687E-6,2.4472557E-13,0.0,362.6450343243778,0.13131042569875717,-17.184323750436306,LOS,
8,44.0,2,-5264298.27162113,39,38,40,49,37,0.1430000000000291,17892.676563110203,1.7159410402453147E-5,4.7122384E-12,0.0,302.3693676069379,0.13211119920015335,542.7168851494789,NLOS,
9,10.0,2,-5292495.61131037,40,39,41,47,39,0.0819999999985157,17619.617986563593,-7.840179151875544E-5,-1.173397E-11,0.0,575.5096194408834,0.078800980001688,91.52896099537611,LOS,
73,26.0,0,-5233733.029013682,35,34,35,37,4,0.05700000000069849,18549.403340749443,1.1720265683834422E-4,1.8189894E-12,0.0,354.4000251330435,1.5181840285658836,-30.31496698409319,NLOS,
74,48.0,0,-5258054.299654786,27,26,32,46,10,0.08599999999933061,18478.56088604033,3.671682861749995E-5,1.8189894E-12,0.0,283.5575704202056,8.862303622066975,161.91139762476087,LOS,
75,33.0,0,-5410073.919379827,28,27,28,29,7,-0.717000000000553,17653.685898844153,-4.707702410087221E-4,-9.094947E-13,0.0,541.3182347528636,-0.5390020571649075,40.735116206109524,LOS,
76,27.0,0,-5270788.057982203,25,24,25,30,0,-0.907999999999447,18296.82498011738,-6.379192200256705E-6,1.8189894E-12,0.0,101.82166450098157,-1.037692729383707,-24.192285928875208,NLOS,
23,40.0,2,-5295030.652192175,45,44,45,50,26,0.10000000000218279,17796.85504695028,-8.684641615533638E-5,5.5633189E-13,0.0,398.63420175388455,0.13079145550727844,94.93506611138582,LOS,
31,40.0,2,-5171765.615569755,39,38,39,41,0,0.17400000000270666,18333.748398851603,3.239163605313699E-4,-1.5171533E-12,0.0,138.583904273808,0.27781298756599426,-26.519078493118286,NLOS,
1,78.0,2,-5289906.722100925,43,42,43,44,19,0.43100000000049477,18131.953798763454,-9.345289803944718E-6,9.5568735E-13,0.0,63.378184735774994,0.13115790486335754,9.95448811724782,LOS,
3,48.0,0,-5229102.456652656,24,23,24,37,7,0.26900000000023283,17906.44357436523,1.936015760052119E-4,2.1947418E-11,0.0,312.258223246783,-12.789020482450724,47.62878417223692,NLOS,
4,64.0,2,-5289108.533894684,49,48,49,49,42,0.42400000000270666,18558.088328182697,-6.773048445308106E-6,2.4472557E-13,0.0,362.76356445252895,0.11853012815117836,-17.095158647745848,LOS,
8,44.0,2,-5282493.522536095,39,38,39,49,37,0.4099999999998545,17893.07809829712,1.715941511469173E-5,4.7122384E-12,0.0,302.24904261156917,0.1203249953687191,542.6655594147742,NLOS,
9,10.0,2,-5310690.91066939,40,39,40,47,39,0.35900000000037835,17619.967042338103,-7.840180325272525E-5,-1.173397E-11,0.0,575.4601702988148,0.049449142068624496,91.52114886417985,LOS,
73,26.0,0,-5251928.734203599,35,34,35,37,4,0.10499999999956344,18549.980458188802,1.1720265865733369E-4,1.8189894E-12,0.0,354.677350115031,0.27732498198747635,-29.912885140627623,NLOS,
74,48.0,0,-5276246.221567132,25,24,32,46,10,0.8000000000029104,18466.578093841672,3.6716830436489416E-5,1.8189894E-12,0.0,271.27498576790094,-12.28258465230465,158.5302018970251,LOS,
75,33.0,0,-5428267.785874609,28,27,28,29,7,1.1330000000016298,17653.128303036094,-4.7077024191821687E-4,-9.094947E-13,0.0,542.1756230182946,-0.8573882654309273,39.29768493399024,LOS,
76,27.0,0,-5288982.354794584,25,24,25,30,0,0.4570000000021537,18300.641558520496,-6.379190381267236E-6,1.8189894E-12,0.0,105.3384504429996,3.516785942018032,-25.198581624776125,NLOS,
23,40.0,2,-5313225.6198916845,45,44,45,50,26,0.38399999999819556,17797.23023204878,-8.684641559900447E-5,5.5633189E-13,0.0,398.5194147415459,0.1147870123386383,94.59927900880575,LOS,
31,40.0,2,-5189960.960881326,39,39,39,41,0,0.4429999999993015,18334.183072976768,3.2391635901421657E-4,-1.5171533E-12,0.0,138.81727178394794,0.23336751013994217,-26.477875150740147,NLOS,
1,78.0,2,-5308102.222342584,43,42,43,44,19,0.19800000000032014,18132.160230495036,-9.345288848257446E-6,9.5568735E-13,0.0,63.450175918638706,-0.07199118286371231,9.851570434868336,LOS,
3,48.0,0,-5247276.7519861385,24,23,24,37,7,0.16999999999825377,17906.622713573277,1.9360159795262915E-4,2.1947418E-11,0.0,310.28577096760273,1.9724522791802883,26.327251475304365,NLOS,
4,64.0,2,-5307304.013345595,49,48,49,49,42,0.17599999999947613,18558.27456626296,-6.773048200582541E-6,2.4472557E-13,0.0,362.6487092897296,-0.11485516279935837,-17.219080220907927,LOS,
8,44.0,2,-5300688.889340851,39,38,39,49,37,0.17799999999988358,17893.264557566494,1.7159419826930015E-5,4.7122384E-12,0.0,302.3410062305629,-0.09196361899375916,542.4303310103714,NLOS,
9,10.0,2,-5328886.265385322,40,39,40,47,39,0.11000000000058208,17620.086293596774,-7.840181498669434E-5,-1.173397E-11,0.0,575.6700715012848,-0.20990120247006416,91.26890118792653,LOS,
73,26.0,0,-5270126.673987269,34,34,35,37,4,0.15200000000186265,18552.2197518982,1.1720266047632304E-4,1.8189894E-12,0.0,356.6168513633311,1.9395012483000755,-27.57600200548768,NLOS,
74,48.0,0,-5294438.5236100815,23,7,27,46,7,-0.7930000000014843,18467.11091288179,3.671683225547877E-5,1.8189894E-12,0.0,271.50801235064864,0.23302658274769783,155.2293443158269,LOS,
75,33.0,0,-5446464.317695711,28,27,28,29,7,0.07600000000093132,17655.89481794089,-4.707702428277115E-4,-9.094947E-13,0.0,539.7089005708694,2.466722447425127,40.22578752413392,LOS,
76,27.0,0,-5307177.677446812,25,24,25,30,0,0.13399999999819556,18301.824533384293,-6.379188562277881E-6,1.8189894E-12,0.0,106.22163285315037,0.8831824101507664,-25.47882992774248,NLOS,
23,40.0,2,-5331420.715332784,45,44,45,50,26,0.1430000000000291,17797.382668592036,-8.68464150426726E-5,5.5633189E-13,0.0,398.63090685009956,-0.111492108553648,94.09144104272127,LOS,
31,40.0,2,-5208156.469451003,40,39,39,41,0,0.2069999999985157,18334.39940266311,3.2391635749706336E-4,-1.5171533E-12,0.0,138.80590803548694,-0.011363748461008072,-26.573206156492233,NLOS,
1,78.0,2,-5326297.7339261435,43,42,43,44,19,0.11699999999837019,18132.267377249897,-9.345287892570116E-6,9.5568735E-13,0.0,63.02595520019531,0.4242207184433937,10.05978710949421,LOS,
3,48.0,0,-5265465.342711084,24,23,24,37,7,-0.1349999999983993,17906.47966515273,1.936016199000477E-4,2.1947418E-11,0.0,295.66757168248296,14.618199285119772,19.620902694761753,NLOS,
4,64.0,2,-5325499.486261871,48,48,49,49,42,0.10499999999956344,18558.36945451796,-6.77304795585696E-6,2.4472557E-13,0.0,363.04023104533553,0.39152175560593605,-17.049743972718716,LOS,
8,44.0,2,-5318884.274433382,39,38,39,49,37,0.09200000000055297,17893.347817290574,1.715942453916859E-5,4.7122384E-12,0.0,301.93100975081325,0.40999647974967957,542.5131828412414,NLOS,
9,10.0,2,-5347081.660554707,39,39,40,47,39,0.03900000000066939,17620.1155051291,-7.840182672066413E-5,-1.173397E-11,0.0,575.2953551076353,0.3747163936495781,91.35689942538738,LOS,
73,26.0,0,-5288323.991229601,34,27,35,37,4,0.8659999999981665,18551.60195665434,1.1720266229531251E-4,1.8189894E-12,0.0,356.29884858056903,-0.31800278276205063,-25.561867747455835,NLOS,
74,48.0,0,-5312628.656716902,13,12,25,46,7,0.5839999999989232,18465.09468179941,3.671683407446824E-5,1.8189894E-12,0.0,269.7915737219155,-1.7164386287331581,150.05934305861592,LOS,
75,33.0,0,-5464657.839448955,29,28,28,29,7,-0.009000000001833541,17652.98590202257,-4.707702437372063E-4,-9.094947E-13,0.0,542.3180240318179,-2.6091234609484673,38.44361471384764,LOS,
76,27.0,0,-5325370.6485099085,25,24,25,30,0,1.0509999999994761,18299.630092181265,-6.3791867432884144E-6,1.8189894E-12,0.0,104.32698410376906,-1.8946487493813038,-27.81087490916252,NLOS,
23,40.0,2,-5349615.812072378,45,44,45,50,26,0.062000000001717126,17797.435001451522,-8.684641448634069E-5,5.5633189E-13,0.0,398.2693045884371,0.3616022616624832,93.88469402864575,LOS,
31,40.0,2,-5226352.031171259,40,39,40,41,0,0.125,18334.51529858634,3.2391635597991004E-4,-1.5171533E-12,0.0,139.28403271362185,0.4781246781349182,-26.315594125539064,NLOS,
1,78.0,2,-5344493.403399661,43,42,43,44,19,0.2459999999991851,18132.52275810018,-9.345286936882843E-6,9.5568735E-13,0.0,63.05475774407387,-0.028802543878555298,10.126101281493902,LOS,
3,48.0,0,-5283674.515235644,30,24,24,37,7,0.42599999999947613,17906.914594907314,1.9360164184746494E-4,2.1947418E-11,0.0,275.36250964552164,20.305062036961317,33.19656107574701,NLOS,
4,64.0,2,-5343695.110565204,48,47,49,49,42,0.2319999999999709,18558.611430566758,-6.7730477111313945E-6,2.4472557E-13,0.0,362.99003333970904,-0.05019770562648773,-17.028813123703003,LOS,
8,44.0,2,-5337079.834498331,39,38,39,49,37,0.2319999999999709,17893.58985669166,1.7159429251406873E-5,4.7122384E-12,0.0,301.9638625830412,-0.03285283222794533,542.471214633435,NLOS,
9,10.0,2,-5365277.226218913,39,38,40,47,38,0.17199999999866122,17620.29787676409,-7.840183845463321E-5,-1.173397E-11,0.0,575.3901055566967,-0.09475044906139374,91.3156000226736,LOS,
73,26.0,0,-5306520.696728289,26,25,34,37,4,-0.6739999999990687,18550.994918700308,1.1720266411430186E-4,1.8189894E-12,0.0,355.39201816916466,-0.9068304114043713,-24.45926959067583,NLOS,
74,48.0,0,-5330817.837953541,16,15,23,46,7,0.8379999999997381,18464.29546606168,3.671683589345759E-5,1.8189894E-12,0.0,268.69256553053856,-1.0990081913769245,143.63767916709185,LOS,
75,33.0,0,-5482853.861482985,29,28,29,29,7,-0.15099999999802094,17655.587430167943,-4.70770244646701E-4,-9.094947E-13,0.0,540.016288343817,2.3017356880009174,38.86193023249507,LOS,
76,27.0,0,-5343565.733442605,25,24,25,30,0,-0.3809999999975844,18301.901096571237,-6.37918492429906E-6,1.8189894E-12,0.0,106.2981960400939,1.9712119363248348,-28.328842744231224,NLOS,
23,40.0,2,-5367811.066706952,45,44,45,50,26,0.2000000000007276,17797.643794730306,-8.68464139300088E-5,5.5633189E-13,0.0,398.35064098984003,-0.08133640140295029,93.53604952991009,LOS,
31,40.0,2,-5244547.806645989,41,40,40,41,0,0.2680000000000291,18334.791961304843,3.239163544627568E-4,-1.5171533E-12,0.0,139.3231534436345,0.03912073001265526,-26.144020076841116,NLOS,
1,78.0,2,-5362689.155856658,43,42,43,44,19,0.19700000000011642,18132.720701791346,-9.34528598119557E-6,9.5568735E-13,0.0,62.85867225378752,0.19608549028635025,10.275398936122656,LOS,
3,48.0,0,-5301875.937031064,31,30,30,37,7,-0.1069999999999709,17906.80581841618,1.9360166379488216E-4,2.1947418E-11,0.0,283.0901970975101,-7.727687451988459,39.021490313112736,NLOS,
4,64.0,2,-5361890.830968026,48,47,48,49,42,0.1820000000006985,18558.794040851295,-6.773047466405829E-6,2.4472557E-13,0.0,363.18435042351484,0.19431708380579948,-16.911782786250114,LOS,
8,44.0,2,-5355275.494781435,39,38,39,49,37,0.16600000000107684,17893.75472202152,1.715943396364516E-5,4.7122384E-12,0.0,301.77168134599924,0.19218123704195023,542.5294645763934,NLOS,
9,10.0,2,-5383472.918518253,39,38,39,47,38,0.11500000000160071,17620.41331848502,-7.84018501886023E-5,-1.173397E-11,0.0,575.2289514429867,0.1611541137099266,91.40093575417995,LOS,
73,26.0,0,-5324706.917193886,25,10,34,37,4,-3.5760000000009313,18540.514615464956,1.1720266593329121E-4,1.8189894E-12,0.0,344.9117149300873,-10.48030323907733,-33.84170452877879,NLOS,
74,48.0,0,-5349020.822329134,27,17,16,46,7,0.07099999999991269,18478.251258987933,3.671683771244695E-5,1.8189894E-12,0.0,282.64835845679045,13.955792926251888,151.01915422827005,LOS,
75,33.0,0,-5501049.053189959,29,28,29,29,7,0.11899999999877764,17654.858347319067,-4.707702455561956E-4,-9.094947E-13,0.0,540.7453711926937,-0.7290828488767147,38.44991869479418,LOS,
76,27.0,0,-5361769.449057553,25,24,25,30,0,0.8069999999970605,18310.688919905573,-6.379183105309706E-6,1.8189894E-12,0.0,115.08601937443018,8.78782333433628,-20.216128326952457,NLOS,
23,40.0,2,-5386006.445004165,45,44,45,50,26,0.13799999999901047,17797.783398218453,-8.684641337367694E-5,5.5633189E-13,0.0,398.16644007340074,0.18420091643929482,93.3110676780343,LOS,
31,40.0,2,-5262743.669461504,41,40,41,41,0,0.20500000000174623,18334.9959153682,3.239163529456036E-4,-1.5171533E-12,0.0,139.53565534949303,0.2125019058585167,-25.88510524481535,NLOS,
1,78.0,2,-5380884.940759465,43,42,43,44,19,0.15300000000206637,18132.863278519362,-9.34528502550824E-6,9.5568735E-13,0.0,63.01291484758258,-0.1542425937950611,10.157349940389395,LOS,
3,48.0,2,-5320076.509294372,32,31,31,37,7,0.04499999999825377,17906.842274993658,1.936016857423007E-4,2.1947418E-11,0.0,284.2164932228625,-1.1262961253523827,43.6970949806273,NLOS,
4,64.0,2,-5380086.579459794,48,47,48,49,42,0.13699999999880674,18558.92147232592,-6.773047221680248E-6,2.4472557E-13,0.0,363.0108745098114,-0.17347591370344162,-17.066455960273743,LOS,
8,44.0,2,-5373471.194190986,39,39,39,49,37,0.13299999999799184,17893.877816990018,1.715943867588373E-5,4.7122384E-12,0.0,301.94038846716285,-0.16870712116360664,542.327048510313,NLOS,
9,10.0,2,-5401668.64552924,39,38,39,47,38,0.07600000000093132,17620.479175902903,-7.840186192257208E-5,-1.173397E-11,0.0,575.4595416709781,-0.23059022799134254,91.2211906760931,LOS,
73,26.0,0,-5342901.844169363,10,9,26,37,4,-1.1059999999997672,18549.225879475474,1.1720266775228068E-4,1.8189894E-12,0.0,353.32318648323417,8.41147155314684,-34.81742204353213,NLOS,
74,48.0,0,-5367216.346069276,27,26,27,46,7,0.49799999999959255,18470.943277124316,3.6716839531436413E-5,1.8189894E-12,0.0,275.0405841320753,-7.6077743247151375,150.6402013786137,LOS,
75,33.0,0,-5519242.016815882,29,28,29,29,7,0.3209999999999127,17652.731507163495,-4.707702464656904E-4,-9.094947E-13,0.0,543.1720038056374,-2.4266326129436493,35.5100336484611,LOS,
76,27.0,0,-5379966.932918318,25,24,25,30,0,-0.3539999999993597,18304.614313144237,-6.37918128632024E-6,1.8189894E-12,0.0,108.71162015199661,-6.374399222433567,-18.634960554540157,NLOS,
23,40.0,2,-5404201.879185598,45,44,45,50,26,0.09799999999813735,17797.871366903186,-8.684641281734503E-5,5.5633189E-13,0.0,398.349832970649,-0.18339289724826813,92.84217758476734,LOS,
31,40.0,2,-5280939.495287899,41,40,41,41,0,0.1639999999970314,18335.151729162782,3.2391635142845024E-4,-1.5171533E-12,0.0,139.3240373507142,-0.21161799877882004,-25.9629719927907,NLOS,
1,78.0,2,-5399080.680952799,43,42,43,44,19,0.06999999999970896,18132.942650150508,-9.345284069820968E-6,9.5568735E-13,0.0,62.64471426606178,0.3682005815207958,10.294383928179741,LOS,
3,48.0,2,-5338276.49206353,33,32,32,37,7,-0.0039999999971769284,17906.84706735611,1.9360170768971792E-4,2.1947418E-11,0.0,284.4831268452108,-0.26663362234830856,48.08299795538187,NLOS,
4,64.0,2,-5398282.288108509,48,47,48,49,42,0.056000000000494765,18558.98760491237,-6.773046976954683E-6,2.4472557E-13,0.0,363.3689950183034,0.35812050849199295,-16.961179733276367,LOS,
8,44.0,2,-5391666.8581015095,40,39,39,49,37,0.052999999999883585,17893.940831642598,1.7159443388122014E-5,4.7122384E-12,0.0,301.5840851292014,0.3563033379614353,542.3889258764684,NLOS,
9,10.0,2,-5419864.301559478,39,38,39,47,38,-0.01599999999962165,17620.473795078695,-7.840187365654115E-5,-1.173397E-11,0.0,575.1961624361575,0.2633792348206043,91.27025730907917,LOS,
73,26.0,0,-5361087.710228693,16,15,25,37,4,4.7150000000001455,18540.169676855206,1.1720266957127003E-4,1.8189894E-12,0.0,344.56677632406354,-8.756410159170628,-44.55426324531436,NLOS,
74,48.0,0,-5385415.680174921,27,26,27,46,7,-0.5409999999974389,18474.906245391816,3.671684135042576E-5,1.8189894E-12,0.0,279.30334486067295,4.262760728597641,154.37140649184585,LOS,
75,33.0,0,-5537437.659581084,29,28,29,29,7,-0.043000000001484295,17655.51198292151,-4.7077024737518503E-4,-9.094947E-13,0.0,540.0917355902493,3.0802682153880596,35.54908033832908,LOS,
76,27.0,0,-5398165.791001208,25,24,25,30,0,0.9239999999990687,18306.145669423044,-6.379179467330887E-6,1.8189894E-12,0.0,110.54276889190078,1.8311487399041653,-15.379778195172548,NLOS,
23,40.0,2,-5422397.334732562,45,44,45,50,26,0.021000000000640284,17797.90108153224,-8.684641226101314E-5,5.5633189E-13,0.0,397.968109741807,0.38172322884202003,92.69444548338652,LOS,
31,40.0,2,-5299135.269433849,41,40,41,41,0,0.07800000000133878,18335.23894008249,3.2391634991129703E-4,-1.5171533E-12,0.0,139.69728988409042,0.3732525333762169,-25.79272672533989,NLOS,
1,78.0,2,-5417277.041038863,43,42,43,44,19,0.7599999999983993,18133.694055046886,-9.345283114133638E-6,9.5568735E-13,0.0,62.51129067316651,0.1334235928952694,10.451725732535124,LOS,
3,48.0,2,-5356474.814533949,33,32,33,37,7,0.6739999999990687,17907.51121813804,1.9360172963713647E-4,2.1947418E-11,0.0,286.71997341513634,-2.2368465699255466,50.209017280489206,NLOS,
4,64.0,2,-5416478.625910919,48,47,48,49,42,0.7449999999989814,18559.722209054977,-6.773046732229102E-6,2.4472557E-13,0.0,363.49676720425487,0.12777218595147133,-16.826334722340107,LOS,
8,44.0,2,-5409863.144909386,40,39,40,49,37,0.7360000000007858,17894.668166253716,1.7159448100360585E-5,4.7122384E-12,0.0,301.4687855504453,0.11529957875609398,542.4741156771779,NLOS,
9,10.0,2,-5438060.59916563,39,38,39,47,38,0.6959999999999127,17621.159723363817,-7.840188539051095E-5,-1.173397E-11,0.0,575.1196676678956,0.07649476826190948,91.36131493747234,LOS,
73,26.0,0,-5379288.878102671,28,19,16,37,4,1.305000000000291,18555.476251054555,1.172026713902595E-4,1.8189894E-12,0.0,359.27376560494304,14.706989280879498,-39.58887471631169,NLOS,
74,48.0,0,-5403615.378270585,28,27,27,46,7,1.6499999999978172,18475.422854680568,3.6716843169415234E-5,1.8189894E-12,0.0,279.22036923095584,-0.08297562971711159,157.8670167066157,LOS,
75,33.0,0,-5555635.251531467,29,28,29,29,7,1.2970000000022992,17657.562468081713,-4.707702482846798E-4,-9.094947E-13,0.0,538.6408353447914,1.4509002454578876,36.93772729486227,LOS,
76,27.0,0,-5416371.515954077,25,24,25,30,0,1.0650000000023283,18313.169686473906,-6.379177648341422E-6,1.8189894E-12,0.0,116.9672010242939,6.424432132393122,-5.857310775667429,NLOS,
23,40.0,2,-5440593.557588272,45,44,45,50,26,0.7089999999989232,17798.600504714996,-8.684641170468124E-5,5.5633189E-13,0.0,397.7398680523038,0.2282416895031929,92.71443720906973,LOS,
31,40.0,2,-5317331.681493446,41,40,41,41,0,0.7809999999990396,18336.0101813972,3.239163483941437E-4,-1.5171533E-12,0.0,139.86077013984323,0.1634802557528019,-25.584152728319168,NLOS,
1,78.0,2,-5435473.007563263,43,42,43,44,19,-0.2779999999984284,18133.425515517592,-9.345282158446369E-6,9.5568735E-13,0.0,62.79172292351723,-0.28043225035071373,10.215505871921778,LOS,
3,48.0,2,-5374671.742168952,34,33,33,37,7,-0.37700000000040745,17907.14513201639,1.9360175158455363E-4,2.1947418E-11,0.0,288.09173145890236,-1.3717580437660217,50.94020118564367,NLOS,
4,64.0,2,-5434674.57120401,48,47,48,49,42,-0.29099999999743886,18559.439552571625,-6.773046487503537E-6,2.4472557E-13,0.0,363.2024038694799,-0.294363334774971,-17.083999030292034,LOS,
8,44.0,2,-5428059.023856409,40,39,40,49,37,-0.30500000000029104,17894.372041463852,1.7159452812598855E-5,4.7122384E-12,0.0,301.7846075668931,-0.3158220164477825,542.1514446251094,NLOS,
9,10.0,2,-5456256.470354073,39,38,39,47,38,-0.3690000000024156,17620.79854845628,-7.840189712447999E-5,-1.173397E-11,0.0,575.5115033425391,-0.39183567464351654,91.0259548574686,LOS,
73,26.0,0,-5397486.850831188,29,29,28,37,4,-1.5689999999995052,18552.28582368046,1.1720267320924885E-4,1.8189894E-12,0.0,356.0833382345736,-3.1904273703694344,-37.818631645292044,NLOS,
74,48.0,0,-5421817.833172433,29,28,28,46,7,-1.0569999999970605,18478.332228578627,3.6716844988404583E-5,1.8189894E-12,0.0,282.12974312901497,2.9093738980591297,164.1194331049919,LOS,
75,33.0,0,-5573830.224870022,29,28,29,29,7,-0.6630000000004657,17655.04525304213,-4.7077024919417443E-4,-9.094947E-13,0.0,541.1580503843725,-2.5172150395810604,35.70776242390275,LOS,
76,27.0,0,-5434565.823692154,25,24,25,30,0,-1.5859999999993306,18301.90960514918,-6.379175829352073E-6,1.8189894E-12,0.0,105.70711969956756,-11.260081324726343,-7.752058148384094,NLOS,
23,40.0,2,-5458789.425214753,45,44,45,50,26,-0.3359999999993306,17798.274997502565,-8.684641114834936E-5,5.5633189E-13,0.0,398.03452863544226,-0.2946605831384659,92.37919970601797,LOS,
31,40.0,2,-5335527.682933763,41,40,41,41,0,-0.27699999999822467,18335.743644151837,3.239163468769905E-4,-1.5171533E-12,0.0,139.57527893781662,-0.2854912020266056,-25.786198008805513,NLOS,
1,78.0,2,-5453668.917014178,42,42,43,44,19,0.08399999999892316,18133.50108075142,-9.34528120275904E-6,9.5568735E-13,0.0,62.73566899448633,0.05605392903089523,9.922212526202202,LOS,
3,48.0,2,-5392867.834204532,34,33,34,37,7,-0.006000000001222361,17907.128827676177,1.9360177353197215E-4,2.1947418E-11,0.0,288.90428533032537,-0.8125538714230061,50.835785668343306,NLOS,
4,63.0,2,-5452870.48577613,48,47,48,49,42,0.06599999999889405,18559.496976479888,-6.773046242777957E-6,2.4472557E-13,0.0,363.2698622085154,0.06745833903551102,-17.372384313493967,LOS,
8,44.0,2,-5446254.862254452,40,39,40,49,37,0.06899999999950523,17894.43131218478,1.715945752483742E-5,4.7122384E-12,0.0,301.7331413626671,0.051466204226017,541.7882245965302,NLOS,
9,10.0,2,-5474452.283440433,39,38,39,47,38,0.016999999999825377,17620.808225236833,-7.840190885844976E-5,-1.173397E-11,0.0,575.5350888222456,-0.023585479706525803,90.63249269127846,LOS,
73,26.0,0,-5415682.909462318,31,30,29,37,4,0.5200000000004366,18550.376491416246,1.1720267502823831E-4,1.8189894E-12,0.0,354.17400596663356,-1.9093322679400444,-37.96248596534133,NLOS,
74,48.0,0,-5440017.339480095,29,28,29,46,7,1.025999999998021,18475.536219421774,3.671684680739404E-5,1.8189894E-12,0.0,279.333733972162,-2.7960091568529606,167.42325531691313,LOS,
75,33.0,0,-5592021.828270853,29,28,29,29,7,0.18999999999869033,17651.77929834649,-4.707702501036692E-4,-9.094947E-13,0.0,544.4240050837398,-3.2659546993672848,31.107859823852777,LOS,
76,27.0,0,-5452761.467852615,25,24,25,30,0,0.5,18303.403174269944,-6.37917401036261E-6,1.8189894E-12,0.0,107.20068882033229,1.4935691207647324,-8.310383137315512,NLOS,
23,40.0,2,-5476985.2361297235,45,44,45,50,26,0.03200000000288128,17798.297388408333,-8.684641059201746E-5,5.5633189E-13,0.0,398.0307200551033,0.0038085803389549255,91.98725068941712,LOS,
31,40.0,2,-5353723.629028209,41,40,41,41,0,0.09799999999813735,18335.830347552896,3.239163453598372E-4,-1.5171533E-12,0.0,139.6450725607574,0.06979362294077873,-26.043589163571596,NLOS,
1,78.0,2,-5471864.686425418,42,41,43,44,19,-0.008999999998195563,18133.50094042346,-9.34528024707177E-6,9.5568735E-13,0.0,62.4627753123641,0.27289368212223053,9.788671966642141,LOS,
3,48.0,2,-5411063.887400288,34,33,34,37,7,-0.09999999999854481,17907.03930177167,1.9360179547938934E-4,2.1947418E-11,0.0,288.6202473305166,0.2840379998087883,50.99232278391719,NLOS,
4,63.0,2,-5471066.287671387,48,47,48,49,42,-0.020000000000436557,18559.485952705145,-6.773045998052391E-6,2.4472557E-13,0.0,363.5551002584398,0.2852380499243736,-17.473653998225927,LOS,
8,44.0,2,-5464450.556094017,39,38,40,49,37,-0.029999999998835847,17894.41133898124,1.71594622370757E-5,4.7122384E-12,0.0,301.4858410693705,0.24730029329657555,541.5802385434508,NLOS,
9,10.0,2,-5492647.902839601,38,37,39,47,37,-0.09699999999793363,17620.71993040666,-7.840192059241882E-5,-1.173397E-11,0.0,575.3943896628916,0.14069915935397148,90.34513579308987,LOS,
73,26.0,0,-5433879.5605870485,31,30,31,37,4,-0.2930000000014843,18550.973709259182,1.1720267684722766E-4,1.8189894E-12,0.0,355.071016266942,0.897010300308466,-37.214054226875305,NLOS,
74,48.0,0,-5458218.500113811,29,29,29,46,7,-0.125,18477.343079313636,3.67168486263834E-5,1.8189894E-12,0.0,281.4403863251209,2.1066523529589176,172.6811960451305,LOS,
75,33.0,0,-5610214.440250486,29,28,29,29,7,-0.08799999999973807,17652.886388946325,-4.7077025101316383E-4,-9.094947E-13,0.0,543.0171220228076,1.4068830609321594,27.81632848829031,LOS,
76,27.0,0,-5470954.062247835,25,24,25,30,0,0.6809999999968568,18300.510542280972,-6.379172191373258E-6,1.8189894E-12,0.0,104.6078492924571,-2.592839527875185,-11.618680905550718,NLOS,
23,40.0,2,-5495180.924030077,45,44,45,50,26,-0.05500000000029104,17798.252039629966,-8.684641003568558E-5,5.5633189E-13,0.0,397.7933720238507,0.2373480312526226,91.7720795199275,LOS,
31,40.0,2,-5371919.471180841,41,40,41,41,0,0.007000000001426088,18335.84892047569,3.23916343842684E-4,-1.5171533E-12,0.0,139.96603943035007,0.3209668695926666,-26.105129670351744,NLOS,
1,78.0,2,-5490060.508211844,42,41,42,44,19,0.20100000000093132,18133.692655641586,-9.345279291384439E-6,9.5568735E-13,0.0,62.59705349802971,-0.13427818566560745,9.407714128494263,LOS,
3,48.0,2,-5429259.818298437,34,33,34,37,7,0.113999999997759,17907.14372003451,1.936018174268079E-4,2.1947418E-11,0.0,289.01928297802806,-0.39903564751148224,50.72676983475685,NLOS,
4,63.0,2,-5489262.158240933,48,47,48,49,42,0.17799999999988358,18559.65594062209,-6.773045753326811E-6,2.4472557E-13,0.0,363.42213674634695,-0.13296351209282875,-17.806041855365038,LOS,
8,44.0,2,-5482646.299706295,39,38,40,49,37,0.17799999999988358,17894.578798785806,1.7159466949314264E-5,4.7122384E-12,0.0,301.64381723478436,-0.1579761654138565,541.1222327500582,NLOS,
9,10.0,2,-5510843.608591285,38,37,39,47,37,0.125,17620.834680974483,-7.84019323263886E-5,-1.173397E-11,0.0,575.5732994042337,-0.17890974134206772,89.84433895349503,LOS,
73,26.0,0,-5452076.705448184,32,31,31,37,4,0.24400000000241562,18551.472215849906,1.1720267866621713E-4,1.8189894E-12,0.0,355.26973040401936,0.19871413707733154,-36.271678537130356,NLOS,
74,48.0,0,-5476417.969599534,30,29,29,46,7,0.08399999999892316,18475.804481640458,3.6716850445372855E-5,1.8189894E-12,0.0,279.60199619084597,-1.8383901342749596,175.94819631800056,LOS,
75,33.0,0,-5628408.401553355,29,28,29,29,7,0.4650000000001455,17654.337166491896,-4.707702519226586E-4,-9.094947E-13,0.0,541.8661369346082,1.150985088199377,25.574327930808067,LOS,
76,27.0,0,-5489143.376486078,25,24,25,30,0,-0.32199999999647844,18297.387531496584,-6.379170372383795E-6,1.8189894E-12,0.0,101.18504604697227,-3.422803245484829,-18.506928112357855,NLOS,
23,40.0,2,-5513376.6571557075,45,44,45,50,26,0.14099999999962165,17798.38268797472,-8.684640947935368E-5,5.5633189E-13,0.0,397.987416382879,-0.19404435902833939,91.30234116315842,LOS,
31,40.0,2,-5390115.39225056,40,39,41,41,0,0.2040000000015425,18336.041629638523,3.2391634232553065E-4,-1.5171533E-12,0.0,139.8702912926674,-0.09574813768267632,-26.38754555210471,NLOS,
1,78.0,2,-5508256.391621776,42,41,42,44,19,0.1749999999992724,18133.877837710083,-9.345278335697168E-6,9.5568735E-13,0.0,62.122485011816025,0.4745684862136841,9.388172261416912,LOS,
3,48.0,2,-5447455.679941319,34,33,34,37,7,0.0930000000007567,17907.24547366053,1.9360183937422508E-4,2.1947418E-11,0.0,288.76565158739686,0.2536313906311989,50.69175407662988,NLOS,
4,63.0,2,-5507458.110999338,48,47,48,49,42,0.17599999999947613,18559.84105863422,-6.773045508601246E-6,2.4472557E-13,0.0,363.90221585705876,0.480079110711813,-17.75644839182496,LOS,
8,44.0,2,-5500842.080733944,39,38,39,49,37,0.16200000000026193,17894.750676300377,1.7159471661552544E-5,4.7122384E-12,0.0,301.21451480314136,0.4293024316430092,541.0014347806573,NLOS,
9,10.0,2,-5529039.427177954,38,37,38,47,37,0.10299999999915599,17620.946816999465,-7.840194406035765E-5,-1.173397E-11,0.0,575.1260645911098,0.4472348131239414,89.7561695612967,LOS,
73,26.0,0,-5470272.40348931,33,32,32,37,4,0.2749999999978172,18550.030125163496,1.1720268048520648E-4,1.8189894E-12,0.0,354.12743217125535,-1.1422982327640057,-36.476330403238535,NLOS,
74,48.0,0,-5494613.120143034,30,29,30,46,7,0.14400000000023283,18471.63803850487,3.671685226436221E-5,1.8189894E-12,0.0,275.73534551262856,-3.866650678217411,175.19604682549834,LOS,
75,33.0,0,-5646604.191737484,29,28,29,29,7,0.06400000000212458,17656.26759822294,-4.7077025283215324E-4,-9.094947E-13,0.0,539.635912746191,2.2302241884171963,25.461001090705395,LOS,
76,27.0,0,-5507333.404580269,24,24,25,30,0,1.1599999999998545,18298.258520115167,-6.3791685533944425E-6,1.8189894E-12,0.0,102.355827126652,1.1707810796797276,-24.38152690976858,NLOS,
23,40.0,2,-5531572.437592141,44,43,45,50,26,0.13399999999819556,17798.52755033225,-8.68464089230218E-5,5.5633189E-13,0.0,397.5797402895987,0.4076760932803154,91.17970607429743,LOS,
31,40.0,2,-5408311.404845055,40,39,41,41,0,0.2029999999977008,18336.254170186818,3.2391634080837744E-4,-1.5171533E-12,0.0,140.38671243935823,0.5164211466908455,-26.27864419668913,NLOS,
1,78.0,2,-5526452.472310569,41,40,42,44,19,0.3679999999985739,18134.234132077545,-9.345277185959211E-6,9.6448186E-13,0.0,62.08971021324396,0.032774798572063446,9.266174968332052,LOS,
3,48.0,2,-5465651.34379714,34,33,34,37,7,0.25200000000040745,17907.489594023675,1.936018613216436E-4,2.1947418E-11,0.0,289.24016781151295,-0.47451622411608696,50.1591587997973,NLOS,
4,63.0,2,-5525654.302351765,48,47,48,49,42,0.3400000000001455,18560.171464640647,-6.773045263875666E-6,2.4472557E-13,0.0,363.939147349447,0.036931492388248444,-17.768053364008665,LOS,
8,44.0,2,-5519038.056877192,38,37,39,49,37,0.3319999999985157,17895.07372758165,1.7159476373791108E-5,4.7122384E-12,0.0,301.227119743824,-0.012604940682649612,540.7759599536657,NLOS,
9,10.0,2,-5547235.514016867,38,37,38,47,37,0.2849999999998545,17621.222668696195,-7.840195579432744E-5,-1.173397E-11,0.0,575.1230610534549,0.003003537654876709,89.63645994663239,LOS,
73,26.0,0,-5488466.970763911,33,32,33,37,4,0.15500000000247383,18548.904133841395,1.1720268230419594E-4,1.8189894E-12,0.0,352.7016483955085,-1.4257837757468224,-38.111541248857975,NLOS,
74,48.0,0,-5512809.2516942695,30,29,30,46,7,0.5670000000027358,18472.77156176418,3.6716854083351676E-5,1.8189894E-12,0.0,276.5690763182938,0.8337308056652546,175.12511261552572,LOS,
75,33.0,0,-5664802.917320561,29,28,29,29,7,0.6639999999970314,17659.304511684924,-4.70770253741648E-4,-9.094947E-13,0.0,536.8987917453051,2.7371210008859634,27.98328073695302,LOS,
76,27.0,0,-5525531.79484763,24,23,25,30,0,-0.7690000000002328,18306.777838908136,-6.37916673440498E-6,1.8189894E-12,0.0,110.57535345852375,8.219526331871748,-22.193744998425245,NLOS,
23,40.0,2,-5549768.4292097725,44,43,45,50,26,0.3029999999998836,17798.82081244141,-8.68464083666899E-5,5.5633189E-13,0.0,397.60782605037093,-0.02808576077222824,90.96845972165465,LOS,
31,40.0,2,-5426507.693485837,40,39,40,41,0,0.3650000000016007,18336.6105482392,3.239163392912241E-4,-1.5171533E-12,0.0,140.48808117955923,0.1013687402009964,-26.193489015102386,NLOS,
1,78.0,2,-5544648.775057327,41,40,42,44,19,0.3120000000017171,18134.556049842387,-9.345276221477382E-6,9.6448186E-13,0.0,62.075073286890984,0.014636926352977753,9.06638764590025,LOS,
3,48.0,2,-5483846.710082468,34,33,34,37,7,0.24799999999959255,17907.7462073341,1.936018832690608E-4,2.1947418E-11,0.0,289.814427703619,-0.5742598921060562,49.029200572520494,NLOS,
4,63.0,2,-5543850.649662368,48,47,48,49,42,0.2989999999990687,18560.478799607605,-6.773044417307058E-6,2.7135005E-13,0.0,363.9596920385957,0.020544689148664474,-17.923312194645405,LOS,
8,44.0,2,-5537234.233887982,38,37,39,49,37,0.30099999999947613,17895.384928602725,1.7159481086029384E-5,4.7122384E-12,0.0,301.2339217737317,-0.0068020299077034,540.4515602104366,NLOS,
9,10.0,2,-5565431.806925114,38,37,38,47,37,0.23800000000119326,17621.47060602531,-7.840196752829648E-5,-1.173397E-11,0.0,575.1821632683277,-0.05910221487283707,89.42302721366286,LOS,
73,26.0,0,-5506663.869376857,33,32,33,37,4,0.33399999999892316,18551.240206513554,1.1720268412318529E-4,1.8189894E-12,0.0,354.7379286028445,2.036280207335949,-37.71520621329546,NLOS,
74,48.0,0,-5531002.637236651,31,30,30,46,7,0.21599999999671127,18470.178017131984,3.6716855902341025E-5,1.8189894E-12,0.0,273.67573922500014,-2.893337093293667,172.00837709009647,LOS,
75,33.0,0,-5682999.986960053,29,28,29,29,7,0.2290000000029977,17657.750178717077,-4.7077025465114264E-4,-9.094947E-13,0.0,538.7529171667993,-1.8541254214942455,28.549824345856905,LOS,
76,27.0,0,-5543719.177708045,24,23,24,30,0,0.815999999998894,18295.927563987672,-6.3791649154156295E-6,1.8189894E-12,0.0,99.42528608068824,-11.150067377835512,-31.313162490725517,NLOS,
23,40.0,2,-5567964.585485913,43,42,44,50,26,0.2620000000024447,17799.09045805037,-8.684640781035802E-5,5.5633189E-13,0.0,397.6823845244944,-0.07455847412347794,90.62207942083478,LOS,
31,40.0,2,-5444704.227692094,39,38,40,41,0,0.3220000000001164,18336.941439256072,3.239163377740709E-4,-1.5171533E-12,0.0,140.55894573405385,0.07086455449461937,-26.16256081685424,NLOS,
1,78.0,2,-5562845.267920822,41,40,41,44,19,0.30899999999746797,18134.864589206874,-9.345275256995553E-6,9.6448186E-13,0.0,62.071529507637024,0.0035437792539596558,8.756924603134394,LOS,
3,48.0,2,-5502042.1346479915,33,33,34,37,7,0.19800000000032014,17907.943159282207,1.9360190521647795E-4,2.1947418E-11,0.0,290.03285007178783,-0.21842236816883087,47.65773008391261,NLOS,
4,63.0,2,-5562047.280371539,48,47,48,49,42,0.30600000000049477,18560.78492335975,-6.773044145957012E-6,2.7135005E-13,0.0,363.9790442176163,0.019352179020643234,-18.095137357711792,LOS,
8,44.0,2,-5555430.591705423,38,37,38,49,37,0.29500000000189175,17895.67810858041,1.7159485798267654E-5,4.7122384E-12,0.0,301.26078893244267,-0.026867158710956573,540.008174661547,NLOS,
9,10.0,2,-5583628.298663832,38,37,38,47,37,0.21500000000014552,17621.686747565866,-7.840197926226553E-5,-1.173397E-11,0.0,575.2485326863825,-0.06636941805481911,89.10863249376416,LOS,
73,26.0,0,-5524859.646905936,34,33,33,37,4,-0.11000000000058208,18550.123881082982,1.1720268594217464E-4,1.8189894E-12,0.0,353.3218107186258,-1.4161178842186928,-38.73974749818444,NLOS,
74,48.0,0,-5549194.737699963,31,30,31,46,7,0.21500000000014552,18469.04540169239,3.6716857721330374E-5,1.8189894E-12,0.0,272.2433313280344,-1.4324078969657421,167.30677003785968,LOS,
75,33.0,0,-5701197.609745625,29,28,29,29,7,-0.012000000002444722,17658.404932569712,-4.7077025556063734E-4,-9.094947E-13,0.0,538.3979557752609,0.3549613915383816,29.369721572846174,LOS,
76,27.0,0,-5561917.640817914,24,23,24,30,0,0.30900000000110595,18307.164951764047,-6.379163096426281E-6,1.8189894E-12,0.0,110.3628813996911,10.937595319002867,-29.652122985571623,NLOS,
23,40.0,2,-5586160.906770792,43,42,44,50,26,0.26199999999880674,17799.35244051367,-8.684640725402616E-5,5.5633189E-13,0.0,397.7566157281399,-0.07423120364546776,90.14091539755464,LOS,
31,40.0,2,-5462901.022449255,39,38,40,41,0,0.33799999999973807,18337.279885243624,3.239163362569177E-4,-1.5171533E-12,0.0,140.6447980888188,0.08585235476493835,-26.170874167233706,NLOS,
1,78.0,2,-5581041.666766301,40,40,41,44,19,0.031000000002677552,18134.88695193082,-9.345274292513666E-6,9.6448186E-13,0.0,61.75253323465586,0.31899627298116684,8.653235998004675,LOS,
3,48.0,2,-5520237.810893349,33,27,34,37,7,-0.059000000001105946,17907.8745155558,1.9360192716389642E-4,2.1947418E-11,0.0,289.45830127596855,0.5745487958192825,46.8377318829298,NLOS,
4,63.0,2,-5580243.810957633,48,47,48,49,42,-0.008999999998195563,18560.76762278378,-6.77304387460695E-6,2.7135005E-13,0.0,364.27695935592055,0.29791513830423355,-18.067293141037226,LOS,
8,44.0,2,-5573626.834524289,38,37,38,49,37,-0.011999999998806743,17895.65838318318,1.7159490510506205E-5,4.7122384E-12,0.0,300.98388085514307,0.2769080772995949,539.7495829947293,NLOS,
9,10.0,2,-5601824.7085053325,37,37,38,47,37,-0.05000000000291038,17621.626406583935,-7.840199099623527E-5,-1.173397E-11,0.0,574.9960736148059,0.2524590715765953,89.01213300973177,LOS,
73,26.0,0,-5543056.174253643,34,33,34,37,4,0.36999999999898137,18550.878482494503,1.172026877611641E-4,1.8189894E-12,0.0,354.37620458751917,1.054393868893385,-38.714677698910236,NLOS,
74,48.0,0,-5567386.863185346,31,30,31,46,7,-0.02899999999863212,18469.22288702801,3.671685954031983E-5,1.8189894E-12,0.0,272.7206091210246,0.47727779299020767,162.92997751384974,LOS,
75,33.0,0,-5719392.618142843,29,29,29,29,7,-0.10499999999956344,17655.89214875549,-4.7077025647013205E-4,-9.094947E-13,0.0,540.6109471283853,-2.21299135312438,27.875022906810045,LOS,
76,27.0,0,-5580118.802280482,24,23,24,30,0,0.3400000000001455,18310.020449150354,-6.379161277436823E-6,1.8189894E-12,0.0,113.51817124336958,3.1552898436784744,-24.992938324809074,NLOS,
23,40.0,2,-5604357.077397887,42,41,43,50,26,-0.03800000000046566,17799.305420860648,-8.684640808023336E-5,5.6163819E-13,0.0,397.53659054636955,0.2200251817703247,89.80847157537937,LOS,
31,40.0,2,-5481097.747418091,38,37,39,41,0,0.013999999999214197,18337.28446380049,3.239163347397644E-4,-1.5171533E-12,0.0,140.99989860132337,0.35510051250457764,-25.949183389544487,NLOS,
1,78.0,2,-5599237.8398691565,40,39,41,44,19,-0.09600000000136788,18134.800645768642,-9.345273328031837E-6,9.6448186E-13,0.0,61.865040462464094,-0.11250722780823708,8.323804773390293,LOS,
3,48.0,2,-5538433.692502387,27,26,33,37,7,-0.1889999999984866,17907.696043506265,1.9360194911131355E-4,2.1947418E-11,0.0,289.22982186079025,0.22847941517829895,46.22309736534953,NLOS,
4,63.0,2,-5598440.171024237,48,48,48,49,42,-0.09600000000136788,18560.679684307426,-6.773043603256905E-6,2.7135005E-13,0.0,364.2046298980713,-0.07232945784926414,-18.20996841788292,LOS,
8,44.0,2,-5591822.871359289,37,36,38,49,36,-0.0970000000015716,17895.569835741073,1.7159495222744475E-5,4.7122384E-12,0.0,301.09770018979907,-0.11381933465600014,539.2850074619055,NLOS,
9,10.0,2,-5620020.937972557,37,36,38,47,36,-0.15899999999965075,17621.477327369153,-7.84020027302043E-5,-1.173397E-11,0.0,575.1418080255389,-0.14573441073298454,88.7352592535317,LOS,
73,26.0,0,-5561250.808122173,34,33,34,37,4,-0.9199999999982538,18548.989745870233,1.1720268958015344E-4,1.8189894E-12,0.0,352.4874679669738,-1.8887366205453873,-40.58308707177639,NLOS,
74,48.0,0,-5585576.203687917,31,31,31,46,7,-0.30099999999947613,18466.59031658247,3.6716861359309175E-5,1.8189894E-12,0.0,270.08803867548704,-2.632570445537567,155.76820217818022,LOS,
75,33.0,0,-5737589.384682972,30,29,29,30,7,-0.3930000000000291,17657.75199122727,-4.7077025737962675E-4,-9.094947E-13,0.0,538.7511046603322,1.8598424680531025,28.138467147946358,LOS,
76,27.0,0,-5598313.966270383,24,23,24,30,0,-0.40300000000206637,18304.18010771647,-6.379159458447475E-6,1.8189894E-12,0.0,107.67782980948687,-5.840341433882713,-26.3312263302505,NLOS,
23,40.0,2,-5622553.045547623,42,41,43,50,26,-0.13599999999860302,17799.178735349327,-8.684640751859518E-5,5.6163819E-13,0.0,397.6881318241358,-0.15154127776622772,89.27396646142006,LOS,
31,40.0,2,-5499294.270380102,38,37,39,41,0,-0.06899999999950523,18337.22555498779,3.2391633322261117E-4,-1.5171533E-12,0.0,140.92296496778727,-0.07693363353610039,-25.929499436169863,NLOS,
1,78.0,2,-5617433.205809344,40,39,40,44,19,-0.6929999999993015,18134.099098309875,-9.34527236354995E-6,9.6448186E-13,0.0,62.25917671993375,-0.3941362574696541,7.4870033375918865,LOS,
3,48.0,2,-5556629.12644051,27,26,33,37,7,-0.75,17906.93511846289,1.9360197105873205E-4,2.1947418E-11,0.0,289.3546155914664,-0.12479373067617416,45.46058439090848,NLOS,
4,63.0,2,-5616635.734465554,49,48,48,49,42,-0.7029999999977008,18559.96771691367,-6.773043331906843E-6,2.7135005E-13,0.0,363.8060199916363,-0.3986099064350128,-18.849476519972086,LOS,
8,44.0,2,-5610018.100360446,37,36,38,49,36,-0.7190000000009604,17894.841321844608,1.7159499934983032E-5,4.7122384E-12,0.0,301.5135998763144,-0.41589968651533127,538.3123905435205,NLOS,
9,10.0,2,-5638216.347860675,37,36,37,47,36,-0.7769999999982247,17620.689722742885,-7.840201446417407E-5,-1.173397E-11,0.0,575.6270186789334,-0.4852106533944607,87.93859884887934,LOS,
73,26.0,0,-5579444.106246956,34,33,34,37,4,-0.39900000000125146,18547.658790647984,1.172026913991429E-4,1.8189894E-12,0.0,351.4563051983714,-1.0311627686023712,-43.48744773864746,NLOS,
74,48.0,0,-5603767.324342959,32,31,31,46,7,-0.6990000000005239,18468.52289794758,3.671686317829864E-5,1.8189894E-12,0.0,272.3204124979675,2.23237382248044,150.68637176975608,LOS,
75,33.0,0,-5755785.643931214,30,29,30,30,7,-0.7109999999993306,17657.346362728626,-4.7077025828912145E-4,-9.094947E-13,0.0,538.8569406978786,-0.10583603754639626,28.19441196322441,LOS,
76,27.0,0,-5616514.852952741,23,23,24,30,0,-0.0020000000004074536,18310.059944428504,-6.3791576394580145E-6,1.8189894E-12,0.0,113.85745897889137,6.179629169404507,-21.647029422223568,NLOS,
23,40.0,2,-5640748.166667212,41,40,42,50,26,-0.7370000000009895,17798.43333646655,-8.684640695695697E-5,5.6163819E-13,0.0,398.1748050674796,-0.4866732433438301,88.19222365692258,LOS,
31,40.0,2,-5517489.923360743,38,37,38,41,0,-0.672999999998865,18336.542350851,3.2391633170545785E-4,-1.5171533E-12,0.0,140.47786031663418,-0.4451046511530876,-26.480004396289587,NLOS,
1,78.0,2,-5635628.304557912,40,39,40,44,19,-0.1540000000022701,18133.954073566943,-9.345271399068117E-6,9.6448186E-13,0.0,61.813536003232,0.445640716701746,6.982595197856426,LOS,
3,48.0,2,-5574824.359519642,27,26,27,37,7,-0.2860000000000582,17906.661127287894,1.936019930061493E-4,2.1947418E-11,0.0,288.9327659010887,0.42184969037771225,45.096797343343496,NLOS,
4,63.0,2,-5634831.02446356,49,48,49,49,42,-0.18000000000029104,18559.79782979563,-6.7730430605567955E-6,2.7135005E-13,0.0,364.23032896593213,0.42430897429585457,-19.162843015044928,LOS,
8,44.0,2,-5628213.070008174,37,36,37,49,36,-0.17799999999988358,17894.672487787902,1.715950464722132E-5,4.7122384E-12,0.0,301.0811766013503,0.43242327496409416,537.6800051145256,NLOS,
9,10.0,2,-5656411.532881554,37,36,37,47,36,-0.23400000000037835,17620.46568737179,-7.840202619814314E-5,-1.173397E-11,0.0,575.2176493853331,0.4093692936003208,87.51665611937642,LOS,
73,26.0,0,-5597637.573449664,34,33,34,37,4,-0.352999999999156,18547.83261707425,1.1720269321813226E-4,1.8189894E-12,0.0,352.22971653938293,0.7734113410115242,-45.62314556539059,NLOS,
74,48.0,0,-5621958.561651889,32,31,32,46,7,0.05500000000029104,18468.79192993045,3.6716864997287995E-5,1.8189894E-12,0.0,273.1890293993056,0.8686169013381004,146.32078016921878,LOS,
75,33.0,0,-5773983.392222758,30,29,30,30,7,-0.12099999999918509,17658.93716403097,-4.7077025919861615E-4,-9.094947E-13,0.0,536.6665544807911,2.1903862170875072,30.3389849960804,LOS,
76,27.0,0,-5634717.6538639255,23,23,24,30,0,-0.7049999999981083,18312.131304051727,-6.37915582046866E-6,1.8189894E-12,0.0,116.5284035205841,2.6709445416927338,-14.449018768966198,NLOS,
23,40.0,2,-5658942.999407984,36,35,42,50,26,-0.2220000000015716,17798.220437470824,-8.684640639531879E-5,5.6163819E-13,0.0,397.8029849566519,0.3718201108276844,87.42168695479631,LOS,
31,40.0,2,-5535685.162981071,38,37,38,41,0,-0.15100000000165892,18336.401037082076,3.2391633018830464E-4,-1.5171533E-12,0.0,140.78914602845907,0.31128571182489395,-26.844284750521183,NLOS,
1,78.0,2,-5653823.37315822,40,39,40,44,19,0.05400000000008731,18133.997962869704,-9.345270434586225E-6,9.6448186E-13,0.0,61.73043813183904,0.08309787139296532,6.448038797825575,LOS,
3,48.0,2,-5593019.896955851,27,26,27,37,7,0.0,17906.651681296527,1.9360201495356786E-4,2.1947418E-11,0.0,288.6053154170513,0.3274504840373993,45.03736736997962,NLOS,
4,63.0,2,-5653026.256824844,49,48,49,49,42,0.04099999999743886,18559.828358091414,-6.773042789206732E-6,2.7135005E-13,0.0,364.27089167013764,0.040562704205513,-19.533846236765385,LOS,
8,44.0,2,-5646408.005198516,37,36,37,49,36,0.03900000000066939,17894.70269824192,1.7159509359459897E-5,4.7122384E-12,0.0,301.0234643779695,0.05771222338080406,537.0131622999907,NLOS,
9,10.0,2,-5674606.658823177,37,36,37,47,36,-0.020000000000436557,17620.435436654836,-7.840203793211295E-5,-1.173397E-11,0.0,575.242139596492,-0.02449021115899086,87.03563413396478,LOS,
73,26.0,0,-5615830.315196693,34,33,34,37,4,0.02899999999863212,18547.11195505783,1.1720269503712174E-4,1.8189894E-12,0.0,351.50905452668667,-0.7206620126962662,-48.48429906740785,NLOS,
74,48.0,0,-5640153.264392503,32,32,32,46,7,0.3899999999994179,18472.40975560248,3.671686681627746E-5,1.8189894E-12,0.0,276.80685506761074,3.6178256683051586,145.42062024772167,LOS,
75,33.0,0,-5792180.226196572,30,29,30,30,7,0.3070000000006985,17658.124569352716,-4.707702601081109E-4,-9.094947E-13,0.0,537.479149159044,-0.8125946782529354,31.569240298122168,LOS,
76,27.0,0,-5652912.941092189,23,23,23,30,0,-0.2649999999994179,18304.774764716625,-6.379154001479193E-6,1.8189894E-12,0.0,109.17186418175697,-7.356539338827133,-14.764691039919853,NLOS,
23,40.0,2,-5677137.743831594,36,35,41,50,26,0.010000000002037268,17798.221305113286,-8.684640583368059E-5,5.6163819E-13,0.0,397.83073403313756,-0.02774907648563385,86.56283308565617,LOS,
31,40.0,2,-5553880.163921069,37,36,38,41,0,0.05500000000029104,18336.447049945593,3.2391632867115127E-4,-1.5171533E-12,0.0,140.67553756013513,-0.113608468323946,-27.447245433926582,NLOS,
1,78.0,2,-5672018.788396839,40,39,40,44,19,0.43000000000029104,18134.437977850437,-9.345269470104392E-6,9.6448186E-13,0.0,60.97074767947197,0.7596904523670673,6.559913165867329,LOS,
3,48.0,2,-5611216.175077315,27,26,27,37,7,0.3280000000013388,17906.98866512254,1.936020369009851E-4,2.1947418E-11,0.0,287.5417045876384,1.0636108294129372,46.0184151083231,NLOS,
4,63.0,2,-5671221.810366668,49,48,49,49,42,0.4140000000006694,18560.252141289413,-6.773042517856685E-6,2.7135005E-13,0.0,364.99000760912895,0.7191159389913082,-19.283876456320286,LOS,
8,44.0,2,-5664603.272983849,37,36,37,49,36,0.40200000000186265,17895.11376272887,1.7159514071698187E-5,4.7122384E-12,0.0,300.29885656386614,0.7246078141033649,536.9787069298327,NLOS,
9,10.0,2,-5692802.142873932,37,36,37,47,36,0.34800000000177533,17620.792719624937,-7.840204966608204E-5,-1.173397E-11,0.0,574.549572005868,0.692567590624094,87.2125137411058,LOS,
73,26.0,0,-5634026.036446847,34,33,34,37,4,0.1430000000000291,18550.09421845153,1.1720269685611108E-4,1.8189894E-12,0.0,354.79111037403345,3.2820558473467827,-48.06615699082613,NLOS,
74,48.0,0,-5658349.065056093,33,32,32,46,7,0.5650000000023283,18473.659152813256,3.6716868635266816E-5,1.8189894E-12,0.0,278.3560447394848,1.5491896718740463,145.91817576438189,LOS,
75,33.0,0,-5810377.390594818,30,29,30,30,7,0.6479999999974098,17658.556812681258,-4.7077026101760555E-4,-9.094947E-13,0.0,536.7471133731306,0.7320357859134674,33.42971248924732,LOS,
76,27.0,0,-5671102.09910043,23,23,23,30,0,1.0409999999974389,18298.799893323332,-6.379152182489836E-6,1.8189894E-12,0.0,103.49678524956107,-5.675078932195902,-20.909790873527527,NLOS,
23,40.0,2,-5695332.75439883,36,35,36,50,26,0.3780000000006112,17798.60957459733,-8.684640527204241E-5,5.6163819E-13,0.0,397.2041793912649,0.6265546418726444,86.26991530135274,LOS,
31,40.0,2,-5572075.451681297,37,36,38,41,0,0.4510000000009313,18336.90686063096,3.239163271539981E-4,-1.5171533E-12,0.0,141.38719856739044,0.7116610072553158,-27.463593430817127,NLOS,
1,78.0,2,-5690214.052754927,40,39,40,44,19,-0.03900000000066939,18134.389392197132,-9.3452685056225E-6,9.6448186E-13,0.0,61.308162305504084,-0.33741462603211403,6.221114546060562,LOS,
3,48.0,2,-5629412.894105826,27,26,27,37,7,-0.13999999999941792,17906.839274659753,1.9360205884840368E-4,2.1947418E-11,0.0,287.3774873800576,0.16421720758080482,47.14057743921876,NLOS,
4,63.0,2,-5689417.201039437,49,48,49,49,42,-0.04899999999906868,18560.195066176355,-6.773042246506622E-6,2.7135005E-13,0.0,364.6255212947726,-0.36448631435632706,-19.49656818807125,LOS,
8,44.0,2,-5682798.385473337,36,36,37,49,36,-0.05400000000008731,17895.050293281674,1.715951878393676E-5,4.7122384E-12,0.0,300.6617468520999,-0.362890288233757,536.4891632609069,NLOS,
9,10.0,2,-5710997.489704475,37,36,37,47,36,-0.11500000000160071,17620.667617954314,-7.840206140005183E-5,-1.173397E-11,0.0,574.9519816078246,-0.4024096019566059,86.9523806758225,LOS,
73,26.0,0,-5652220.765812136,34,33,34,37,4,-0.2209999999977299,18549.109209869057,1.1720269867510056E-4,1.8189894E-12,0.0,353.506309337914,-1.284801036119461,-48.93969223275781,NLOS,
74,48.0,0,-5676546.648767643,33,32,33,46,7,-0.1860000000015134,18475.59540947154,3.671687045425628E-5,1.8189894E-12,0.0,279.9925089403987,1.636464200913906,147.89898678287864,LOS,
75,33.0,0,-5828572.3443299085,30,29,30,30,7,-0.19700000000011642,17656.447933148593,-4.707702619271003E-4,-9.094947E-13,0.0,539.1557853631675,-2.4086719900369644,32.779729068279266,LOS,
76,27.0,0,-5689297.732213564,24,23,23,30,0,-0.8189999999995052,18305.435255385935,-6.379150363500369E-6,1.8189894E-12,0.0,109.83235485479236,6.335569605231285,-20.8795782700181,NLOS,
23,40.0,2,-5713527.580099098,36,35,36,50,26,-0.09100000000034925,17798.507764548063,-8.684640471040419E-5,5.6163819E-13,0.0,397.62826642021537,-0.4240870289504528,85.49233809486032,LOS,
31,40.0,2,-5590270.571642432,37,36,37,41,0,-0.01900000000023283,18336.878429044038,3.2391632563684474E-4,-1.5171533E-12,0.0,141.04466618597507,-0.3425323814153671,-27.94753297790885,NLOS,
1,78.0,2,-5708409.404113442,40,39,40,44,19,0.1680000000014843,18134.56643652171,-9.345267541140666E-6,9.6448186E-13,0.0,60.808097664266825,0.5000646412372589,6.269108813256025,LOS,
3,48.0,2,-5647610.477605596,28,27,27,37,7,0.0819999999985157,17906.92952292785,1.9360208079582093E-4,2.1947418E-11,0.0,286.19008189439774,1.1874054856598377,49.4270034879446,NLOS,
4,63.0,2,-5707612.646150637,49,48,49,49,42,0.15099999999802094,18560.35412769392,-6.773041975156575E-6,2.7135005E-13,0.0,365.0778715349734,0.452350240200758,-19.35502903535962,LOS,
8,44.0,2,-5700993.606433261,36,35,37,49,35,0.14799999999740976,17895.208458438516,1.715952349617505E-5,4.7122384E-12,0.0,300.16123582050204,0.5005110315978527,536.4078824855387,NLOS,
9,10.0,2,-5729192.9079026915,37,36,37,47,36,0.09100000000034925,17620.769018966705,-7.840207313402093E-5,-1.173397E-11,0.0,574.5461425483227,0.40583905950188637,87.06340774521232,LOS,
73,26.0,0,-5670412.670932364,33,26,34,37,4,-0.36700000000200816,18546.289684589952,1.172027004940899E-4,1.8189894E-12,0.0,350.98657651618123,-2.5197328217327595,-52.33768007904291,NLOS,
74,48.0,0,-5694742.210218117,34,33,33,46,7,0.5370000000002619,18473.725433599204,3.671687227324564E-5,1.8189894E-12,0.0,278.42232552170753,-1.5701834186911583,148.15732917934656,LOS,
75,33.0,0,-5846768.138511155,30,30,30,30,7,0.7129999999997381,17657.390257697552,-4.7077026283659496E-4,-9.094947E-13,0.0,537.9136683568358,1.2421170063316822,33.269984260201454,LOS,
76,27.0,0,-5707490.232201446,24,23,24,30,0,0.7740000000012515,18302.45922608301,-6.379148544511013E-6,1.8189894E-12,0.0,107.15611800923944,-2.6762368455529213,-23.68269846215844,NLOS,
23,40.0,2,-5731722.426946778,35,35,36,50,26,0.09899999999834108,17798.61684994772,-8.684640414876602E-5,5.6163819E-13,0.0,397.246704492718,0.38156192749738693,85.03570075333118,LOS,
31,40.0,2,-5608465.819859974,37,36,37,41,0,0.17699999999967986,18337.06463940814,3.2391632411969153E-4,-1.5171533E-12,0.0,141.5977508686483,0.5530846826732159,-28.003423664718866,NLOS,
1,78.0,2,-5726605.107698206,40,39,40,44,19,0.4510000000009313,18135.008147936314,-9.345266576658776E-6,9.6448186E-13,0.0,60.64239349216223,0.1657041721045971,6.369536869227886,LOS,
3,48.0,2,-5665809.213610262,28,27,28,37,7,0.3790000000008149,17907.29978389293,1.936021027432395E-4,2.1947418E-11,0.0,285.31425842270255,0.8758234716951847,52.56614197045565,NLOS,
4,63.0,2,-5725808.407986138,49,48,49,49,42,0.4390000000021246,18560.784241300076,-6.773041703806511E-6,2.7135005E-13,0.0,365.19295524433255,0.115083709359169,-19.19655803591013,LOS,
8,44.0,2,-5719189.161409251,36,35,36,49,35,0.42599999999947613,17895.624851495028,1.7159528208413626E-5,4.7122384E-12,0.0,300.0347866676748,0.12644915282726288,536.3608253151178,NLOS,
9,10.0,2,-5747388.673087288,37,36,37,47,36,0.36899999999877764,17621.12943711877,-7.840208486799073E-5,-1.173397E-11,0.0,574.4643330797553,0.08180946856737137,87.2216287329793,LOS,
73,26.0,0,-5688612.452506784,25,24,34,37,4,1.129000000000815,18554.170904427767,1.1720270231307938E-4,1.8189894E-12,0.0,358.56800389662385,7.581427380442619,-48.15900618955493,NLOS,
74,48.0,0,-5712938.736285362,37,36,34,46,7,0.10199999999895226,18474.84235215932,3.671687409223511E-5,1.8189894E-12,0.0,279.23945162817836,0.8171261064708233,149.08049589395523,LOS,
75,33.0,0,-5864964.247088388,31,30,30,31,7,-0.4359999999978754,17657.80649638921,-4.707702637460897E-4,-9.094947E-13,0.0,537.79722212255,0.11644623428583145,33.774842981249094,LOS,
76,27.0,0,-5725679.187118236,24,23,24,30,0,0.030999999999039574,18299.071263942868,-6.379146725521547E-6,1.8189894E-12,0.0,103.46836340799928,-3.687754601240158,-30.330682206898928,NLOS,
23,40.0,2,-5749917.597758748,35,35,36,50,26,0.42599999999947613,17799.03353715688,-8.68464035871278E-5,5.6163819E-13,0.0,397.16195706278086,0.08474742993712425,84.60323524847627,LOS,
31,40.0,2,-5626661.441917043,37,36,37,41,0,0.4609999999993306,18337.516884341836,3.239163226025382E-4,-1.5171533E-12,0.0,141.7968447431922,0.19909387454390526,-27.985267274081707,NLOS,
1,78.0,2,-5744800.821640324,40,39,40,44,19,0.10399999999935972,18135.121568888426,-9.345265612176943E-6,9.6448186E-13,0.0,60.51875225827098,0.1236412338912487,6.480322279036045,LOS,
3,48.0,2,-5684008.537761044,28,27,28,37,7,-0.008000000001629815,17907.3008396551,1.9360212469065672E-4,2.1947418E-11,0.0,284.70296140760183,0.6112970151007175,56.29342656955123,NLOS,
4,63.0,2,-5744004.168126959,49,48,49,49,42,0.08399999999892316,18560.87729686871,-6.773041432456465E-6,2.7135005E-13,0.0,365.2893556281924,0.09640038385987282,-19.039781719446182,LOS,
8,44.0,2,-5737384.71492688,36,35,36,49,35,0.08800000000337604,17895.722730718553,1.715953292065191E-5,4.7122384E-12,0.0,299.94396866858006,0.09081799909472466,536.3123097866774,NLOS,
9,10.0,2,-5765584.457194526,37,36,37,47,36,0.028000000002066372,17621.165399350226,-7.84020966019598E-5,-1.173397E-11,0.0,574.4107176698744,0.05361540988087654,87.39877236261964,LOS,
73,26.0,0,-5706800.282763146,23,7,33,37,4,-0.44800000000032014,18542.22431114316,1.1720270413206873E-4,1.8189894E-12,0.0,346.6214106082916,-11.946593288332224,-55.93165036290884,NLOS,
74,48.0,0,-5731131.19374539,37,36,37,46,7,0.20300000000133878,18470.925995204598,3.671687591122446E-5,1.8189894E-12,0.0,275.32309467345476,-3.9163569547235966,145.93505539000034,LOS,
75,33.0,0,-5883159.319989249,31,30,31,31,7,0.6970000000001164,17656.872758764774,-4.7077026465558436E-4,-9.094947E-13,0.0,538.7309597432613,-0.9337376207113266,33.24402533471584,LOS,
76,27.0,0,-5743878.1171937585,24,23,24,30,0,0.9769999999989523,18309.203517708927,-6.379144906532192E-6,1.8189894E-12,0.0,113.60061717778444,10.132253769785166,-27.00350721552968,NLOS,
23,40.0,2,-5768112.763054024,35,34,35,50,26,0.03299999999944703,17799.07508160174,-8.684640302548962E-5,5.6163819E-13,0.0,397.106847576797,0.05510948598384857,84.16525304690003,LOS,
31,40.0,2,-5644857.100143656,37,36,37,41,0,0.11899999999877764,18337.645558021963,3.23916321085385E-4,-1.5171533E-12,0.0,141.95803732797503,0.16119258478283882,-27.930941347032785,NLOS,
1,78.0,2,-5762995.773260251,41,40,40,44,19,-0.6490000000012515,18134.464353125542,-9.345264647695053E-6,9.6448186E-13,0.0,61.1677920371294,-0.6490397788584232,5.828785497695208,LOS,
3,48.0,2,-5702207.056673087,28,27,28,37,7,-0.7520000000004075,17906.539161477238,1.9360214663807527E-4,2.1947418E-11,0.0,285.4850804209709,-0.7821190133690834,59.21547243371606,NLOS,
4,63.0,2,-5762199.1388320215,49,48,49,49,42,-0.6660000000010768,18560.203085012734,-6.773041161106402E-6,2.7135005E-13,0.0,364.59804802015424,-0.691307608038187,-19.67244116216898,LOS,
8,44.0,2,-5755579.499240395,36,35,36,49,35,-0.6820000000006985,17895.031100001186,1.715953763289048E-5,4.7122384E-12,0.0,300.62091950699687,-0.6769508384168148,535.4945901408792,NLOS,
9,10.0,2,-5783779.445430726,37,36,37,47,36,-0.7350000000005821,17620.422739103436,-7.84021083359296E-5,-1.173397E-11,0.0,575.1719602420926,-0.7612425722181797,86.78004495427012,LOS,
73,26.0,0,-5725010.371879023,19,18,25,37,4,-0.8019999999996799,18564.487941842526,1.172027059510582E-4,1.8189894E-12,0.0,368.88504131138325,22.26363070309162,-41.445435017347336,NLOS,
74,48.0,0,-5749322.926771045,37,36,37,46,7,-1.370999999999185,18470.3538281098,3.671687773021392E-5,1.8189894E-12,0.0,274.7509275749326,-0.5721670985221863,142.06518051028252,LOS,
75,33.0,0,-5901352.51318517,31,30,31,31,7,-1.625,17655.09495602548,-4.707702655650791E-4,-9.094947E-13,0.0,540.508762486279,-1.7778027430176735,30.833502743393183,LOS,
76,27.0,0,-5762077.27989934,24,23,24,30,0,-1.4729999999981374,18309.593256011605,-6.379143087542728E-6,1.8189894E-12,0.0,113.99035547673702,0.3897382989525795,-23.443702168762684,NLOS,
23,40.0,2,-5786307.168208946,35,34,35,50,26,-0.6869999999980791,17798.379236657172,-8.684640246385142E-5,5.6163819E-13,0.0,397.80640886723995,-0.6995612904429436,82.96713048964739,LOS,
31,40.0,2,-5663052.005415965,38,37,37,41,0,-0.6399999999994179,18336.995525266975,3.239163195682317E-4,-1.5171533E-12,0.0,141.33011728152633,-0.6279200464487076,-28.629569720476866,NLOS,
1,78.0,2,-5781190.701742459,41,40,41,44,19,0.05099999999947613,18134.524221692234,-9.34526368321322E-6,9.6448186E-13,0.0,60.47804920375347,0.6897428333759308,5.753695912659168,LOS,
3,48.0,0,-5720490.626690358,28,7,28,37,7,-0.8009999999994761,17905.74890513718,1.9360216858549254E-4,2.1947418E-11,0.0,199.81123177334666,85.67384864762425,147.78820843622088,NLOS,
4,63.0,2,-5780394.05983898,49,48,49,49,42,0.043000000001484295,18560.25387507677,-6.7730408897563545E-6,2.7135005E-13,0.0,365.2460074722767,0.6479594521224499,-19.755213789641857,LOS,
8,44.0,2,-5773774.253290296,36,35,36,49,35,0.03900000000066939,17895.080131605268,1.7159542345128774E-5,4.7122384E-12,0.0,299.95929526910186,0.6616242378950119,535.246191803366,NLOS,
9,10.0,2,-5801974.371410001,37,36,37,47,36,-0.023000000001047738,17620.409122370183,-7.84021200698987E-5,-1.173397E-11,0.0,574.5999286994338,0.5720315426588058,86.69864553958178,LOS,
73,26.0,0,-5743208.672785491,29,20,23,37,4,0.35499999999956344,18552.704464040697,1.1720270777004755E-4,1.8189894E-12,0.0,357.70114842429757,-11.183892887085676,-38.14784416556358,NLOS,
74,48.0,0,-5767515.683144681,37,36,37,46,7,1.3009999999994761,18471.52939280495,3.6716879549203285E-5,1.8189894E-12,0.0,276.5260771885514,1.7751496136188507,139.818238530308,LOS,
75,33.0,0,-5919545.895193182,31,30,31,31,7,0.6019999999989523,17655.3857643269,-4.707702664745738E-4,-9.094947E-13,0.0,539.6183692701161,0.89039321616292,29.211377158761024,LOS,
76,27.0,0,-5780271.064675711,24,23,24,30,0,1.217000000000553,18304.372421447188,-6.37914126855337E-6,1.8189894E-12,0.0,109.36910583078861,-4.62124964594841,-24.66224141418934,NLOS,
23,40.0,2,-5804501.477643777,35,34,35,50,26,-0.02600000000165892,17798.36216966808,-8.684640190221324E-5,5.6163819E-13,0.0,397.2419158704579,0.5644929967820644,82.27287276089191,LOS,
31,40.0,2,-5681246.890091211,38,37,38,41,0,0.06600000000253203,18337.071322310716,3.239163180510784E-4,-1.5171533E-12,0.0,142.03411611169577,0.7039988301694393,-28.749210242182016,NLOS,
1,78.0,2,-5799385.904699914,41,40,41,44,19,0.4000000000014552,18134.925002675503,-9.345262718731386E-6,9.6448186E-13,0.0,60.090275935828686,0.3877732679247856,5.953081578016281,LOS,
3,48.0,0,-5738666.762148052,24,19,28,37,7,0.4850000000005821,17906.232019480318,1.936021905329098E-4,2.1947418E-11,0.0,307.2226456217468,-107.41141384840012,128.92638486623764,NLOS,
4,63.0,2,-5798589.256651528,49,48,49,49,42,0.3849999999983993,18560.63965575397,-6.773040618406307E-6,2.7135005E-13,0.0,365.6198954619467,0.3738879896700382,-19.5621808283031,LOS,
8,44.0,2,-5791969.309845448,36,35,36,49,35,0.3849999999983993,17895.463972326368,1.715954705736707E-5,4.7122384E-12,0.0,299.56449107453227,0.3948041945695877,535.3002987094223,NLOS,
9,10.0,2,-5820169.54881962,37,36,37,47,36,0.3179999999993015,17620.726261019707,-7.84021318038678E-5,-1.173397E-11,0.0,574.313822478056,0.2861062213778496,86.86867646500468,LOS,
73,26.0,0,-5761401.686038837,30,30,29,37,4,0.16200000000026193,18547.421566329896,1.1720270958903691E-4,1.8189894E-12,0.0,352.4182507134974,-5.282897710800171,-40.137906435877085,NLOS,
74,48.0,0,-5785709.912531212,37,36,37,46,7,0.10099999999874854,18473.154621630907,3.671688136819264E-5,1.8189894E-12,0.0,278.151306014508,1.625228825956583,139.0443094447255,LOS,
75,33.0,0,-5937738.361819591,31,30,31,31,7,0.7890000000006694,17654.57237668708,-4.7077026738406847E-4,-9.094947E-13,0.0,540.4317569099367,-0.8133876398205757,26.673869971185923,LOS,
76,27.0,0,-5798466.114019081,24,23,24,30,0,-0.07800000000133878,18305.794089261442,-6.379139449564011E-6,1.8189894E-12,0.0,110.79077364504337,1.4216678142547607,-24.616213660687208,NLOS,
23,40.0,2,-5822696.091390297,35,34,35,50,26,0.36600000000180444,17798.727645080537,-8.684640134057506E-5,5.6163819E-13,0.0,396.8769978657365,0.3649180047214031,81.88292672112584,LOS,
31,40.0,2,-5699442.073481247,38,37,38,41,0,0.41999999999825377,18337.491891343147,3.2391631653392526E-4,-1.5171533E-12,0.0,142.457844004035,0.4237278923392296,-28.570135973393917,NLOS,
1,78.0,2,-5817581.151351489,42,41,41,44,19,0.1640000000006694,18135.079581473023,-9.345261754249492E-6,9.6448186E-13,0.0,60.23307387903333,-0.14279794320464134,5.896368902176619,LOS,
3,48.0,0,-5756877.901927672,26,25,28,37,7,0.7849999999998545,17907.008659046143,1.936022124803284E-4,2.1947418E-11,0.0,272.4949832856655,34.727662336081266,144.76909076422453,NLOS,
4,63.0,2,-5816784.488526646,49,48,49,49,42,0.14800000000104774,18560.77782779187,-6.773040347056243E-6,2.7135005E-13,0.0,365.45325784757733,-0.1666376143693924,-19.633877757936716,LOS,
8,44.0,2,-5810164.43932898,36,35,36,49,35,0.13699999999880674,17895.59184526652,1.7159551769605652E-5,4.7122384E-12,0.0,299.69906025007367,-0.1345691755414009,535.1275415420532,NLOS,
9,10.0,2,-5838364.757739354,37,36,37,47,36,0.08600000000296859,17620.80282523483,-7.840214353783762E-5,-1.173397E-11,0.0,574.5474567860365,-0.23363430798053741,86.77042505145073,LOS,
73,26.0,0,-5779595.455296986,31,31,30,37,4,0.2250000000021828,18548.182350408286,1.1720271140802638E-4,1.8189894E-12,0.0,352.87924233078957,0.46099161729216576,-41.671756364405155,NLOS,
74,48.0,0,-5803902.406068262,37,36,37,46,7,0.2639999999992142,18471.570987399668,3.671688318718211E-5,1.8189894E-12,0.0,276.2678793258965,-1.8834266886115074,136.23473842069507,LOS,
75,33.0,0,-5955934.955782104,31,30,31,31,7,0.2559999999975844,17658.80170437321,-4.707702682935632E-4,-9.094947E-13,0.0,536.5022216811776,3.9295352287590504,27.963906429708004,LOS,
76,27.0,0,-5816662.881073087,24,23,24,30,0,0.07400000000052387,18307.66890692711,-6.379137630574542E-6,1.8189894E-12,0.0,112.36579885333776,1.5750252082943916,-23.15226772800088,NLOS,
23,40.0,2,-5840890.771768518,35,34,35,50,26,0.12099999999918509,17798.83906624466,-8.684640077893684E-5,5.6163819E-13,0.0,397.0495742596686,-0.1725763939321041,81.2598199211061,LOS,
31,40.0,2,-5717637.286469862,39,38,38,41,0,0.1680000000014843,18337.649849984795,3.239163150167719E-4,-1.5171533E-12,0.0,142.31266540661454,-0.14517859742045403,-28.661255583167076,NLOS,
1,78.0,2,-5835771.489214938,42,41,42,44,19,0.3600000000005821,18135.447727538645,-9.34526078976766E-6,9.6448186E-13,0.0,59.86567113175988,0.36740274727344513,0.9308681003749371,LOS,
3,48.0,0,-5775075.244915087,33,26,26,37,7,0.2459999999991851,17907.263109371066,1.9360223436841074E-4,2.1945263E-11,0.0,284.608900539577,-12.113917253911495,146.81498666480184,NLOS,
4,63.0,2,-5834973.119615018,49,48,49,49,42,0.3500000000021828,18561.136813443154,-6.773040075706197E-6,2.7135005E-13,0.0,365.8092703409493,0.3560124933719635,-26.30636142939329,LOS,
8,44.0,2,-5828355.359701429,36,35,36,49,35,0.3400000000001455,17895.941224455833,1.7159556481843946E-5,4.7122384E-12,0.0,299.30415454506874,0.3949057050049305,530.7456732913852,NLOS,
9,10.0,2,-5856555.03319424,37,36,37,47,36,0.29499999999825377,17621.10815659538,-7.84021552718067E-5,-1.173397E-11,0.0,574.2759451717138,0.27151161432266235,81.7387087866664,LOS,
73,26.0,0,-5797792.082614768,32,31,31,37,4,-0.21900000000096043,18549.20186210051,1.1720271322701573E-4,1.8189894E-12,0.0,353.8987540267408,1.0195116959512234,-40.34754665568471,NLOS,
74,48.0,0,-5822089.551403437,37,36,37,46,7,0.21700000000055297,18472.188424240798,3.671688500617147E-5,1.8189894E-12,0.0,276.88531616702676,0.6174368411302567,128.07696552202106,LOS,
75,33.0,0,-5974127.433474757,31,30,31,31,7,-0.10399999999935972,17658.909618418664,-4.7077026920305787E-4,-9.094947E-13,0.0,536.3943076319993,0.10791404917836189,25.137673031538725,LOS,
76,27.0,0,-5834863.485603396,24,23,24,30,0,0.907999999999447,18310.140468761325,-6.379135811585185E-6,1.8189894E-12,0.0,114.83736068755388,2.471561834216118,-17.850845493376255,NLOS,
23,40.0,2,-5859079.362924121,35,34,35,50,26,0.30199999999967986,17799.151699461043,-8.684640021729866E-5,5.6163819E-13,0.0,396.73917089402676,0.31040336564183235,74.54749050736427,LOS,
31,40.0,2,-5735831.758040696,39,38,39,41,0,0.37899999999717693,18338.038508690894,3.239163134996187E-4,-1.5171533E-12,0.0,142.67215000092983,0.35948459431529045,-29.493792973458767,NLOS,
1,78.0,2,-5853966.75181213,42,41,42,44,19,-0.11000000000058208,18135.328367620707,-9.345259825285766E-6,9.6448186E-13,0.0,60.28946906328201,-0.42379793152213097,0.5903085879981518,LOS,
3,48.0,2,-5793273.617667802,34,33,33,37,7,-0.28700000000026193,17906.966975338757,1.9360225631367468E-4,2.1945263E-11,0.0,285.51569110527635,-0.9067905656993389,149.59087255224586,NLOS,
4,63.0,2,-5853168.363486964,49,48,49,49,42,-0.14100000000325963,18560.987782649696,-6.773039804356133E-6,2.7135005E-13,0.0,365.36193365603685,-0.44733668491244316,-26.66585398837924,LOS,
8,44.0,2,-5846550.564094514,36,35,36,49,35,-0.13099999999758438,17895.80100581795,1.715956119408252E-5,4.7122384E-12,0.0,299.7397058904171,-0.43555134534835815,530.3480332195759,NLOS,
9,10.0,2,-5874750.208253857,36,35,37,47,35,-0.20100000000093132,17620.8975507766,-7.840216700577652E-5,-1.173397E-11,0.0,574.8116153404117,-0.535670168697834,81.30680479854345,LOS,
73,26.0,0,-5815988.370973829,33,32,32,37,4,-0.16200000000026193,18550.710974689573,1.172027150460052E-4,1.8189894E-12,0.0,355.1080741584301,1.20932013168931,-39.66208812594414,NLOS,
74,48.0,0,-5840281.781968478,37,36,37,46,7,-0.17399999999906868,18471.61302016303,3.671688682516093E-5,1.8189894E-12,0.0,276.0101196281612,-0.8751965388655663,124.70463002845645,LOS,
75,33.0,0,-5992319.820821356,31,30,31,31,7,-0.5010000000002037,17654.79898187518,-4.707702701125526E-4,-9.094947E-13,0.0,540.804736636579,-4.4104290045797825,21.921301119029522,LOS,
76,27.0,0,-5853064.446952451,24,23,24,30,0,-1.0200000000004366,18312.176663007587,-6.379133992595718E-6,1.8189894E-12,0.0,116.57376247271895,1.7364017851650715,-12.492396973073483,NLOS,
23,40.0,2,-5877274.093799502,35,34,35,50,26,-0.17699999999967986,17798.965352721512,-8.684639965566046E-5,5.6163819E-13,0.0,397.17792531847954,-0.4387544244527817,73.67508840933442,LOS,
31,40.0,2,-5754026.951247655,39,38,39,41,0,-0.11699999999837019,18337.912126194686,3.2391631198246535E-4,-1.5171533E-12,0.0,142.2422585748136,-0.4298914261162281,-29.904486697167158,NLOS,
1,78.0,2,-5872161.548257694,42,41,42,44,19,-0.35900000000037835,18134.97795716673,-9.345258860803935E-6,9.6448186E-13,0.0,60.342502787709236,-0.053033724427223206,0.08338990062475204,LOS,
3,48.0,2,-5811467.826956518,34,33,34,37,7,-0.4419999999990978,17906.53551923111,1.9360227825893726E-4,2.1945263E-11,0.0,289.35618729516864,-3.840496189892292,148.50308689847589,NLOS,
4,63.0,2,-5871363.147204295,49,48,49,49,42,-0.3669999999983702,18560.628798909485,-6.773039533006086E-6,2.7135005E-13,0.0,365.29958337917924,-0.06235027685761452,-27.185708701610565,LOS,
8,44.0,2,-5864745.295812529,36,35,36,49,35,-0.38100000000122236,17895.42999432981,1.7159565906320807E-5,4.7122384E-12,0.0,299.8202160783112,-0.08051018789410591,529.7775105312467,NLOS,
9,10.0,2,-5892944.903551146,36,35,37,47,35,-0.44900000000052387,17620.457542520016,-7.840217873974558E-5,-1.173397E-11,0.0,574.9568483680487,-0.14523302763700485,80.69493093714118,LOS,
73,26.0,0,-5834182.481435668,34,33,33,37,4,-0.29500000000189175,18548.537822071463,1.1720271686499456E-4,1.8189894E-12,0.0,353.23471399769187,-1.8733601607382298,-40.85473436117172,NLOS,
74,48.0,0,-5858472.2965461835,37,36,37,46,7,-0.4140000000006694,18470.04916185513,3.671688864415029E-5,1.8189894E-12,0.0,274.7460537813604,-1.2640658468008041,119.91609966009855,LOS,
75,33.0,0,-6010514.116439387,31,30,31,31,7,0.3389999999999418,17656.809398990124,-4.707702710220473E-4,-9.094947E-13,0.0,538.4945270642638,2.310209572315216,20.91299309581518,LOS,
76,27.0,0,-5871266.980102636,24,23,24,30,0,0.9279999999998836,18313.90555631742,-6.379132173606363E-6,1.8189894E-12,0.0,118.60244824364781,2.0286857709288597,-5.262354861944914,NLOS,
23,40.0,2,-5895468.356974423,35,34,35,50,26,-0.397000000000844,17798.577429335564,-8.684639909402228E-5,5.6163819E-13,0.0,397.2851959876716,-0.10727066919207573,72.63477830961347,LOS,
31,40.0,2,-5772221.715159636,39,38,39,41,0,-0.3319999999985157,18337.58885622397,3.239163104653121E-4,-1.5171533E-12,0.0,142.23773493617773,-0.0045236386358737946,-30.44468294084072,NLOS,
1,78.0,2,-5890356.48081734,43,42,42,44,19,0.2580000000016298,18135.227952662855,-9.345257896322043E-6,9.6448186E-13,0.0,60.093064710497856,0.24943807721138,-0.28741470351815224,LOS,
3,48.0,2,-5829659.463442985,34,33,34,37,7,0.17399999999906868,17906.699799895287,1.9360230020420123E-4,2.1945263E-11,0.0,291.90584526211023,-2.549657966941595,144.8424989953637,NLOS,
4,63.0,2,-5889558.066711843,48,48,49,49,42,0.24799999999959255,18560.86802295223,-6.773039261656022E-6,2.7135005E-13,0.0,365.5334186218679,0.23383524268865585,-27.569773197174072,LOS,
8,44.0,2,-5882940.149383701,36,36,36,49,35,0.2360000000007858,17895.655531860888,1.7159570618559385E-5,4.7122384E-12,0.0,299.60601368173957,0.2142023965716362,529.3288410045207,NLOS,
9,10.0,0,-5911127.242272999,36,30,36,47,30,0.22100000000136788,17620.66919758916,-7.84021904737154E-5,-1.173397E-11,0.0,587.278751462698,-12.321903094649315,67.72648163884878,LOS,
73,26.0,0,-5852374.671686418,34,33,34,37,4,-0.007999999997991836,18546.622402030975,1.1720271868398402E-4,1.8189894E-12,0.0,351.31929395347834,-1.9154200442135334,-43.96759168803692,NLOS,
74,48.0,0,-5876664.439042192,37,36,37,46,7,0.5289999999986321,18471.829226274043,3.671689046313976E-5,1.8189894E-12,0.0,276.5261182002723,1.780064418911934,116.7554875947535,LOS,
75,33.0,0,-6028709.28438564,31,30,31,31,7,-0.3139999999984866,17657.783836189657,-4.7077027193154203E-4,-9.094947E-13,0.0,537.5200898647308,0.9744371995329857,20.777013294398785,LOS,
76,27.0,0,-5889470.33058824,24,23,24,30,0,-0.1889999999984866,18314.879997208714,-6.379130354616895E-6,1.8189894E-12,0.0,119.57688913494349,0.9744408912956715,2.7850226685404778,NLOS,
23,40.0,2,-5913662.848850641,35,34,35,50,26,0.19399999999950523,17798.762102533132,-8.684639853238407E-5,5.6163819E-13,0.0,396.9959046281874,0.2892913594841957,71.82316951081157,LOS,
31,40.0,2,-5790416.579669632,39,39,39,41,0,0.26899999999659485,18337.849387422204,3.2391630940004827E-4,-1.4971839E-12,0.0,142.5110375508666,0.2733026146888733,-30.884145699441433,NLOS,
1,78.0,2,-5908551.64725218,43,42,43,44,19,0.3359999999993306,18135.572005931288,-9.345256931840208E-6,9.6448186E-13,0.0,59.446059841662645,0.6470048688352108,-0.12455165386199951,LOS,
3,48.0,2,-5847851.062499892,33,32,34,37,7,0.2290000000029977,17906.937901623547,1.9360232214946386E-4,2.1945263E-11,0.0,291.62029822170734,0.28554704040288925,141.44427398964763,NLOS,
4,63.0,2,-5907753.213724628,48,47,49,49,42,0.3110000000015134,18561.189056556672,-6.773038990305975E-6,2.7135005E-13,0.0,366.1587044708431,0.6252858489751816,-27.42654000222683,LOS,
8,44.0,2,-5901135.216774292,37,36,36,49,35,0.3029999999998836,17895.967697180808,1.7159575330797678E-5,4.7122384E-12,0.0,299.0000021830201,0.6060114987194538,529.3937833532691,NLOS,
9,10.0,0,-5929325.007604625,31,30,36,47,30,0.20100000000093132,17620.880083907396,-7.84022022076845E-5,-1.173397E-11,0.0,571.5176001191139,15.76115134358406,70.48443457484245,LOS,
73,26.0,0,-5870568.613716297,34,34,34,37,4,1.2010000000009313,18548.378931470215,1.1720272050297339E-4,1.8189894E-12,0.0,353.37561585381627,2.0563219003379345,-45.028877425938845,NLOS,
74,48.0,0,-5894856.306711379,37,36,37,46,7,0.8540000000029977,18471.706493843347,3.6716892282129116E-5,1.8189894E-12,0.0,276.7031782232225,0.17706002295017242,113.61984116211534,LOS,
75,33.0,0,-6046903.093656149,31,30,31,31,7,1.3980000000010477,17656.527364928275,-4.7077027284103673E-4,-9.094947E-13,0.0,538.476768668741,-0.9566788040101528,19.58215020596981,LOS,
76,27.0,0,-5907663.82408404,24,23,24,30,0,0.30600000000049477,18305.180098757148,-6.3791285356275365E-6,1.8189894E-12,0.0,110.17678314074874,-9.400105994194746,1.275202851742506,NLOS,
23,40.0,2,-5931857.7456049025,35,34,35,50,26,0.283000000003085,17799.05480581522,-8.684639797074589E-5,5.6163819E-13,0.0,396.230593893677,0.7653107345104218,71.71623121201992,LOS,
31,40.0,2,-5808611.720346548,40,39,39,41,0,0.33400000000256114,18338.19313320145,3.2391630790286444E-4,-1.4971839E-12,0.0,143.16708231717348,0.6560447663068771,-30.747778564691544,NLOS,
1,78.0,2,-5926746.652078159,43,42,43,44,19,-0.0610000000015134,18135.51128686592,-9.345255967358376E-6,9.6448186E-13,0.0,59.494329173117876,-0.04826933145523071,-0.12329746410250664,LOS,
3,48.0,0,-5866000.045478024,33,24,34,37,7,-0.07800000000133878,17906.858967218548,1.9360234409472647E-4,2.1945263E-11,0.0,334.21320563182235,-42.592907410115004,95.42997021228075,NLOS,
4,63.0,2,-5925948.191800941,48,47,48,49,42,-0.06899999999950523,18561.120534028858,-6.773038718955929E-6,2.7135005E-13,0.0,366.08776608482003,-0.07093838602304459,-27.45224327594042,LOS,
8,44.0,2,-5919330.140166052,37,36,37,49,35,-0.06799999999930151,17895.900484785438,1.715958004303597E-5,4.7122384E-12,0.0,299.0516056343913,-0.05160345137119293,529.314726870507,NLOS,
9,10.0,2,-5947519.786656462,30,29,36,47,29,-0.09000000000014552,17620.78889477998,-7.840221394165359E-5,-1.173397E-11,0.0,574.4691589102149,-2.951558791100979,70.25610771775246,LOS,
73,26.0,0,-5888762.229541559,35,34,34,37,4,-1.6680000000014843,18548.057501140982,1.1720272232196275E-4,1.8189894E-12,0.0,353.05418552458286,-0.321430329233408,-46.416367780417204,NLOS,
74,48.0,0,-5913050.934757091,37,36,37,46,7,-1.151000000001659,18474.61896410957,3.671689410111847E-5,1.8189894E-12,0.0,279.61564849317074,2.912470269948244,113.24457125738263,LOS,
75,33.0,0,-6065097.268615622,31,30,31,31,7,-1.7560000000012224,17656.995255708694,-4.707702737505314E-4,-9.094947E-13,0.0,538.0088778845966,0.46789078414440155,18.752976085990667,LOS,
76,27.0,0,-5925854.455419514,24,23,24,30,0,-0.28100000000267755,18302.475035980344,-6.3791267166381804E-6,1.8189894E-12,0.0,107.47172036021948,-2.7050627805292606,-3.09677729383111,NLOS,
23,40.0,2,-5950052.614232555,35,34,35,50,26,-0.1290000000008149,17798.925074007362,-8.684639740910771E-5,5.6163819E-13,0.0,396.1981024444103,0.032491449266672134,71.58116630464792,LOS,
31,40.0,2,-5826806.715064045,40,39,40,41,0,-0.04500000000189175,18338.147163767368,3.239163064056806E-4,-1.4971839E-12,0.0,143.14619863778353,-0.020883679389953613,-30.757370848208666,NLOS,
1,78.0,2,-5944939.623560611,43,42,43,44,19,-1.9219999999986612,18133.58050724119,-9.345255002876482E-6,9.6448186E-13,0.0,60.51495365425944,-1.0206244811415672,-1.2560094334185123,LOS,
3,48.0,0,-5884174.001913469,25,24,33,37,7,-2.4219999999986612,17904.428357608616,1.9360236603999044E-4,2.1945263E-11,0.0,308.317213203758,25.895992428064346,75.28850111737847,NLOS,
4,63.0,2,-5944141.116568308,48,47,48,49,42,-1.9470000000001164,18559.16244680807,-6.7730384476058645E-6,2.7135005E-13,0.0,365.031843598932,-1.0559224858880043,-28.63187812268734,LOS,
8,44.0,2,-5937523.0428378135,37,36,37,49,35,-1.9480000000003201,17893.94279504195,1.7159584755274556E-5,4.7122384E-12,0.0,300.0805579982698,-1.0289523638784885,528.1143277622759,NLOS,
9,10.0,2,-5965714.827041045,31,30,31,47,29,-2.041000000001077,17618.737977430224,-7.840222567562341E-5,-1.173397E-11,0.0,573.273757584393,1.1954013258218765,71.18849098682404,LOS,
73,26.0,0,-5906954.11789101,35,34,35,37,4,-1.8359999999993306,18546.334824621677,1.172027241409522E-4,1.8189894E-12,0.0,352.2308863773942,-0.8232991471886635,-48.631956573575735,NLOS,
74,48.0,0,-5931243.088393044,37,36,37,46,7,-1.8689999999987776,18472.296648252755,3.6716895920107944E-5,1.8189894E-12,0.0,278.1927100121975,-1.4229384809732437,111.29426896944642,LOS,
75,33.0,0,-6083289.711991072,31,30,31,31,7,-1.5910000000003492,17655.365869294852,-4.7077027466002613E-4,-9.094947E-13,0.0,538.7388869263232,-0.7300090417265892,17.09159531444311,LOS,
76,27.0,0,-5944043.757780135,24,23,24,30,0,-1.9509999999972933,18301.303165256977,-6.37912489764871E-6,1.8189894E-12,0.0,107.19922701641917,-0.2724933438003063,-7.898354914039373,NLOS,
23,40.0,2,-5968245.475736748,35,34,35,50,26,-1.9550000000017462,17796.96014885232,-8.684639684746949E-5,5.6163819E-13,0.0,397.2452538087964,-1.0471513643860817,70.33835530653596,LOS,
31,40.0,2,-5844999.683091857,40,39,40,41,0,-1.9019999999982247,18336.236261535436,3.239163049084968E-4,-1.4971839E-12,0.0,142.14396494999528,-1.002233687788248,-31.894275441765785,NLOS,
1,78.0,2,-5963132.503557578,43,42,43,44,19,-0.01299999999901047,18133.576360996813,-9.345254038394642E-6,9.6448186E-13,0.0,59.89349966868758,0.6214539855718613,-1.8806219659745693,LOS,
3,48.0,0,-5902356.509576447,24,23,33,37,7,0.5739999999968859,17905.01092440635,1.936023879852532E-4,2.1945263E-11,0.0,299.1432045325637,9.174008671194315,64.29784447327256,NLOS,
4,63.0,2,-5962333.937100146,48,47,48,49,42,-0.020000000000436557,18559.152820263058,-6.773038176255816E-6,2.7135005E-13,0.0,365.62514685466886,0.5933032557368279,-29.316163580864668,LOS,
8,44.0,2,-5955715.877709221,37,36,37,49,35,-0.0290000000022701,17893.92283636704,1.7159589467512877E-5,4.7122384E-12,0.0,299.4563342668116,0.6242237314581871,527.4457132183015,NLOS,
9,10.0,2,-5983909.219806973,30,30,31,47,29,-0.08399999999892316,17618.663452394307,-7.84022374095926E-5,-1.173397E-11,0.0,573.2870261110365,-0.013268526643514633,72.07284051179886,LOS,
73,26.0,0,-5925145.150552917,35,34,35,37,4,0.33799999999973807,18545.483897276223,1.1720272595994158E-4,1.8189894E-12,0.0,351.9795439504087,-0.25134242698550224,-51.103647992014885,NLOS,
74,48.0,0,-5949432.922403485,37,36,37,46,7,0.782999999999447,18470.12906613201,3.671689773909731E-5,1.8189894E-12,0.0,276.62471280246973,-1.5679972097277641,107.62392608076334,LOS,
75,33.0,0,-6101480.422288571,31,30,31,31,7,0.7669999999998254,17653.735081832856,-4.707702755695208E-4,-9.094947E-13,0.0,539.7700894735754,-1.0312025472521782,14.296721506863832,LOS,
76,27.0,0,-5962232.299220841,24,23,24,30,0,0.16999999999825377,18300.699335787445,-6.379123078659341E-6,1.8189894E-12,0.0,107.19498245790601,-0.00424455851316452,-12.861267536878586,NLOS,
23,40.0,2,-5986438.194734663,35,34,35,50,26,-0.06899999999950523,17796.90151343122,-8.684639628583131E-5,5.6163819E-13,0.0,396.72753220051527,0.5177216082811356,69.55262295156717,LOS,
31,40.0,2,-5863192.557246763,40,39,40,41,0,0.0,18336.245517026633,3.2391630341131294E-4,-1.4971839E-12,0.0,142.77473253384233,0.6307675838470459,-32.52546802535653,NLOS,
1,78.0,2,-5981325.748419084,43,42,43,44,19,0.477999999999156,18134.04547359422,-9.34525307391274E-6,9.6448186E-13,0.0,59.11548929288983,0.7780103757977486,-1.8405775055289268,LOS,
3,48.0,0,-5920566.4706380665,23,22,25,37,7,-0.2969999999986612,17904.706272616982,1.9360240993051734E-4,2.1945263E-11,0.0,271.3668468259275,27.77635770663619,81.06037893146276,NLOS,
4,63.0,2,-5980527.117479701,48,47,48,49,42,0.4650000000001455,18559.6080516167,-6.773037904905751E-6,2.7135005E-13,0.0,366.38277219980955,0.7576253451406956,-29.340808868408203,LOS,
8,44.0,2,-5973909.033416845,37,36,37,49,35,0.4510000000009313,17894.365821596235,1.7159594179751495E-5,4.7122384E-12,0.0,298.7432881742716,0.7130460925400257,527.3977273479104,NLOS,
9,10.0,0,-6002106.926091485,30,29,31,47,29,0.4140000000006694,17619.069728784263,-7.84022491435625E-5,-1.173397E-11,0.0,569.6390115618706,3.648014549165964,76.57050108164549,LOS,
73,26.0,0,-5943335.581593268,35,34,35,37,4,0.9729999999981374,18544.887080598623,1.1720272777893107E-4,1.8189894E-12,0.0,351.6825197301805,-0.2970242202281952,-53.877168510109186,NLOS,
74,48.0,0,-5967623.171527363,37,36,37,46,7,0.6189999999987776,18470.696238666773,3.67168995580868E-5,1.8189894E-12,0.0,277.4916778020561,0.8669649995863438,104.6684890948236,LOS,
75,33.0,0,-6119675.511855777,31,30,31,31,7,1.059000000001106,17658.21660795808,-4.7077027647901554E-4,-9.094947E-13,0.0,534.988770890981,4.781318582594395,16.180909864604473,LOS,
76,27.0,0,-5980427.7967800535,24,23,24,30,0,1.3029999999998836,18307.812557514757,-6.379121259669858E-6,1.8189894E-12,0.0,114.60799665004015,7.413014192134142,-10.568269189447165,NLOS,
23,40.0,2,-6004631.236221395,35,34,35,50,26,0.4050000000024738,17797.297235794365,-8.68463957241931E-5,5.6163819E-13,0.0,396.0446533188224,0.6828788816928864,69.3891718685627,LOS,
31,40.0,2,-5881385.805896159,40,39,40,41,0,0.47699999999895226,18336.712187375873,3.2391630191412905E-4,-1.4971839E-12,0.0,143.57408588007092,0.7993533462285995,-32.48237366229296,NLOS,
